1 1 1 12 c8 88 5 
1 1 1 6 c8 88 4 
1 1 1 1 c8 cc 2 
1 1 2 12 c8 88 5 
1 1 2 6 c8 88 4 
1 1 2 1 c8 cc 2 
1 1 3 12 c8 88 5 
1 1 3 6 c8 88 4 
1 1 3 1 c8 cc 2 
1 1 4 12 c8 88 5 
1 1 4 6 c8 88 4 
1 1 4 1 c8 cc 2 
1 1 5 12 c8 88 5 
1 1 5 6 c8 88 4 
1 1 5 1 c8 cc 2 
2 1 1 12 c8 88 5 
2 1 1 6 c8 88 4 
2 1 1 1 c8 cc 2 
2 1 2 12 c8 88 5 
2 1 2 6 c8 88 4 
2 1 2 1 c8 cc 2 
2 1 3 12 c8 88 5 
2 1 3 6 c8 88 4 
2 1 3 1 c8 cc 2 
2 1 4 12 c8 88 5 
2 1 4 6 c8 88 4 
2 1 4 1 c8 cc 2 
2 1 5 12 c8 88 5 
2 1 5 6 c8 88 4 
2 1 5 1 c8 cc 2 
3 1 1 12 c8 88 5 
3 1 1 6 c8 88 4 
3 1 1 1 c8 cc 2 
3 1 2 12 c8 88 5 
3 1 2 6 c8 88 4 
3 1 2 1 c8 cc 2 
3 1 3 12 c8 88 5 
3 1 3 6 c8 88 4 
3 1 3 1 c8 cc 2 
3 1 4 12 c8 88 5 
3 1 4 6 c8 88 4 
3 1 4 1 c8 cc 2 
3 1 5 12 c8 88 5 
3 1 5 6 c8 88 4 
3 1 5 1 c8 cc 2 
4 1 1 12 c8 88 5 
4 1 1 6 c8 88 4 
4 1 1 1 c8 cc 2 
4 1 2 12 c8 88 5 
4 1 2 6 c8 88 4 
4 1 2 1 c8 cc 2 
4 1 3 12 c8 88 5 
4 1 3 6 c8 88 4 
4 1 3 1 c8 cc 2 
4 1 4 12 c8 88 5 
4 1 4 6 c8 88 4 
4 1 4 1 c8 cc 2 
4 1 5 12 c8 88 5 
4 1 5 6 c8 88 4 
4 1 5 1 c8 cc 2 
1 2 1 12 c8 88 5 
1 2 1 6 c8 88 4 
1 2 1 1 c8 cc 2 
1 2 2 12 c8 88 5 
1 2 2 6 c8 88 4 
1 2 2 1 c8 cc 2 
1 2 3 12 c8 88 5 
1 2 3 6 c8 88 4 
1 2 3 1 c8 cc 2 
1 2 4 12 c8 88 5 
1 2 4 6 c8 88 4 
1 2 4 1 c8 cc 2 
1 2 5 12 c8 88 5 
1 2 5 6 c8 88 4 
1 2 5 1 c8 cc 2 
2 2 1 12 c8 88 5 
2 2 1 6 c8 88 4 
2 2 1 1 c8 cc 2 
2 2 2 12 c8 88 5 
2 2 2 6 c8 88 4 
2 2 2 1 c8 cc 2 
2 2 3 12 c8 88 5 
2 2 3 6 c8 88 4 
2 2 3 1 c8 cc 2 
2 2 4 12 c8 88 5 
2 2 4 6 c8 88 4 
2 2 4 1 c8 cc 2 
2 2 5 12 c8 88 5 
2 2 5 6 c8 88 4 
2 2 5 1 c8 cc 2 
3 2 1 12 c8 88 5 
3 2 1 6 c8 88 4 
3 2 1 1 c8 cc 2 
3 2 2 12 c8 88 5 
3 2 2 6 c8 88 4 
3 2 2 1 c8 cc 2 
3 2 3 12 c8 88 5 
3 2 3 6 c8 88 4 
3 2 3 1 c8 cc 2 
3 2 4 12 c8 88 5 
3 2 4 6 c8 88 4 
3 2 4 1 c8 cc 2 
3 2 5 12 c8 88 5 
3 2 5 6 c8 88 4 
3 2 5 1 c8 cc 2 
4 2 1 12 c8 88 5 
4 2 1 6 c8 88 4 
4 2 1 1 c8 cc 2 
4 2 2 12 c8 88 5 
4 2 2 6 c8 88 4 
4 2 2 1 c8 cc 2 
4 2 3 12 c8 88 5 
4 2 3 6 c8 88 4 
4 2 3 1 c8 cc 2 
4 2 4 12 c8 88 5 
4 2 4 6 c8 88 4 
4 2 4 1 c8 cc 2 
4 2 5 12 c8 88 5 
4 2 5 6 c8 88 4 
4 2 5 1 c8 cc 2 
1 3 1 12 c8 88 5 
1 3 1 6 c8 88 4 
1 3 1 1 c8 cc 2 
1 3 2 12 c8 88 5 
1 3 2 6 c8 88 4 
1 3 2 1 c8 cc 2 
1 3 3 12 c8 88 5 
1 3 3 6 c8 88 4 
1 3 3 1 c8 cc 2 
1 3 4 12 c8 88 5 
1 3 4 6 c8 88 4 
1 3 4 1 c8 cc 2 
1 3 5 12 c8 88 5 
1 3 5 6 c8 88 4 
1 3 5 1 c8 cc 2 
2 3 1 12 c8 88 5 
2 3 1 6 c8 88 4 
2 3 1 1 c8 cc 2 
2 3 2 12 c8 88 5 
2 3 2 6 c8 88 4 
2 3 2 1 c8 cc 2 
2 3 3 12 c8 88 5 
2 3 3 6 c8 88 4 
2 3 3 1 c8 cc 2 
2 3 4 12 c8 88 5 
2 3 4 6 c8 88 4 
2 3 4 1 c8 cc 2 
2 3 5 12 c8 88 5 
2 3 5 6 c8 88 4 
2 3 5 1 c8 cc 2 
3 3 1 12 c8 88 5 
3 3 1 6 c8 88 4 
3 3 1 1 c8 cc 2 
3 3 2 12 c8 88 5 
3 3 2 6 c8 88 4 
3 3 2 1 c8 cc 2 
3 3 3 12 c8 88 5 
3 3 3 6 c8 88 4 
3 3 3 1 c8 cc 2 
3 3 4 12 c8 88 5 
3 3 4 6 c8 88 4 
3 3 4 1 c8 cc 2 
3 3 5 12 c8 88 5 
3 3 5 6 c8 88 4 
3 3 5 1 c8 cc 2 
4 3 1 12 c8 88 5 
4 3 1 6 c8 88 4 
4 3 1 1 c8 cc 2 
4 3 2 12 c8 88 5 
4 3 2 6 c8 88 4 
4 3 2 1 c8 cc 2 
4 3 3 12 c8 88 5 
4 3 3 6 c8 88 4 
4 3 3 1 c8 cc 2 
4 3 4 12 c8 88 5 
4 3 4 6 c8 88 4 
4 3 4 1 c8 cc 2 
4 3 5 12 c8 88 5 
4 3 5 6 c8 88 4 
4 3 5 1 c8 cc 2 
1 4 1 12 c8 88 5 
1 4 1 6 c8 88 4 
1 4 1 1 c8 cc 2 
1 4 2 12 c8 88 5 
1 4 2 6 c8 88 4 
1 4 2 1 c8 cc 2 
1 4 3 12 c8 88 5 
1 4 3 6 c8 88 4 
1 4 3 1 c8 cc 2 
1 4 4 12 c8 88 5 
1 4 4 6 c8 88 4 
1 4 4 1 c8 cc 2 
1 4 5 12 c8 88 5 
1 4 5 6 c8 88 4 
1 4 5 1 c8 cc 2 
2 4 1 12 c8 88 5 
2 4 1 6 c8 88 4 
2 4 1 1 c8 cc 2 
2 4 2 12 c8 88 5 
2 4 2 6 c8 88 4 
2 4 2 1 c8 cc 2 
2 4 3 12 c8 88 5 
2 4 3 6 c8 88 4 
2 4 3 1 c8 cc 2 
2 4 4 12 c8 88 5 
2 4 4 6 c8 88 4 
2 4 4 1 c8 cc 2 
2 4 5 12 c8 88 5 
2 4 5 6 c8 88 4 
2 4 5 1 c8 cc 2 
3 4 1 12 c8 88 5 
3 4 1 6 c8 88 4 
3 4 1 1 c8 cc 2 
3 4 2 12 c8 88 5 
3 4 2 6 c8 88 4 
3 4 2 1 c8 cc 2 
3 4 3 12 c8 88 5 
3 4 3 6 c8 88 4 
3 4 3 1 c8 cc 2 
3 4 4 12 c8 88 5 
3 4 4 6 c8 88 4 
3 4 4 1 c8 cc 2 
3 4 5 12 c8 88 5 
3 4 5 6 c8 88 4 
3 4 5 1 c8 cc 2 
4 4 1 12 c8 88 5 
4 4 1 6 c8 88 4 
4 4 1 1 c8 cc 2 
4 4 2 12 c8 88 5 
4 4 2 6 c8 88 4 
4 4 2 1 c8 cc 2 
4 4 3 12 c8 88 5 
4 4 3 6 c8 88 4 
4 4 3 1 c8 cc 2 
4 4 4 12 c8 88 5 
4 4 4 6 c8 88 4 
4 4 4 1 c8 cc 2 
4 4 5 12 c8 88 5 
4 4 5 6 c8 88 4 
4 4 5 1 c8 cc 2 
1 5 1 12 c8 88 5 
1 5 1 6 c8 88 4 
1 5 1 1 c8 cb 2 
1 5 2 12 c8 88 5 
1 5 2 6 c8 88 4 
1 5 2 1 c8 cb 2 
1 5 3 12 c8 88 5 
1 5 3 6 c8 88 4 
1 5 3 1 c8 cb 2 
1 5 4 12 c8 88 5 
1 5 4 6 c8 88 4 
1 5 4 1 c8 cb 2 
1 5 5 12 c8 88 5 
1 5 5 6 c8 88 4 
1 5 5 1 c8 cb 2 
2 5 1 12 c8 88 5 
2 5 1 6 c8 88 4 
2 5 1 1 c8 cb 2 
2 5 2 12 c8 88 5 
2 5 2 6 c8 88 4 
2 5 2 1 c8 cb 2 
2 5 3 12 c8 88 5 
2 5 3 6 c8 88 4 
2 5 3 1 c8 cb 2 
2 5 4 12 c8 88 5 
2 5 4 6 c8 88 4 
2 5 4 1 c8 cb 2 
2 5 5 12 c8 88 5 
2 5 5 6 c8 88 4 
2 5 5 1 c8 cb 2 
3 5 1 12 c8 88 5 
3 5 1 6 c8 88 4 
3 5 1 1 c8 cb 2 
3 5 2 12 c8 88 5 
3 5 2 6 c8 88 4 
3 5 2 1 c8 cb 2 
3 5 3 12 c8 88 5 
3 5 3 6 c8 88 4 
3 5 3 1 c8 cb 2 
3 5 4 12 c8 88 5 
3 5 4 6 c8 88 4 
3 5 4 1 c8 cb 2 
3 5 5 12 c8 88 5 
3 5 5 6 c8 88 4 
3 5 5 1 c8 cb 2 
4 5 1 12 c8 88 5 
4 5 1 6 c8 88 4 
4 5 1 1 c8 cb 2 
4 5 2 12 c8 88 5 
4 5 2 6 c8 88 4 
4 5 2 1 c8 cb 2 
4 5 3 12 c8 88 5 
4 5 3 6 c8 88 4 
4 5 3 1 c8 cb 2 
4 5 4 12 c8 88 5 
4 5 4 6 c8 88 4 
4 5 4 1 c8 cb 2 
4 5 5 12 c8 88 5 
4 5 5 6 c8 88 4 
4 5 5 1 c8 cb 2 
5 1 1 12 c8 87 5 
5 1 1 6 c8 87 4 
5 1 1 1 c8 cb 2 
5 1 2 12 c8 87 5 
5 1 2 6 c8 87 4 
5 1 2 1 c8 cb 2 
5 1 3 12 c8 87 5 
5 1 3 6 c8 87 4 
5 1 3 1 c8 cb 2 
5 1 4 12 c8 87 5 
5 1 4 6 c8 87 4 
5 1 4 1 c8 cb 2 
5 1 5 12 c8 87 5 
5 1 5 6 c8 87 4 
5 1 5 1 c8 cb 2 
6 1 1 12 c8 87 5 
6 1 1 6 c8 87 4 
6 1 1 1 c8 cb 2 
6 1 2 12 c8 87 5 
6 1 2 6 c8 87 4 
6 1 2 1 c8 cb 2 
6 1 3 12 c8 87 5 
6 1 3 6 c8 87 4 
6 1 3 1 c8 cb 2 
6 1 4 12 c8 87 5 
6 1 4 6 c8 87 4 
6 1 4 1 c8 cb 2 
6 1 5 12 c8 87 5 
6 1 5 6 c8 87 4 
6 1 5 1 c8 cb 2 
7 1 1 12 c8 87 5 
7 1 1 6 c8 87 4 
7 1 1 1 c8 cb 2 
7 1 2 12 c8 87 5 
7 1 2 6 c8 87 4 
7 1 2 1 c8 cb 2 
7 1 3 12 c8 87 5 
7 1 3 6 c8 87 4 
7 1 3 1 c8 cb 2 
7 1 4 12 c8 87 5 
7 1 4 6 c8 87 4 
7 1 4 1 c8 cb 2 
7 1 5 12 c8 87 5 
7 1 5 6 c8 87 4 
7 1 5 1 c8 cb 2 
8 1 1 12 c8 87 5 
8 1 1 6 c8 87 4 
8 1 1 1 c8 cb 2 
8 1 2 12 c8 87 5 
8 1 2 6 c8 87 4 
8 1 2 1 c8 cb 2 
8 1 3 12 c8 87 5 
8 1 3 6 c8 87 4 
8 1 3 1 c8 cb 2 
8 1 4 12 c8 87 5 
8 1 4 6 c8 87 4 
8 1 4 1 c8 cb 2 
8 1 5 12 c8 87 5 
8 1 5 6 c8 87 4 
8 1 5 1 c8 cb 2 
5 2 1 12 c8 87 5 
5 2 1 6 c8 87 4 
5 2 1 1 c8 cb 2 
5 2 2 12 c8 87 5 
5 2 2 6 c8 87 4 
5 2 2 1 c8 cb 2 
5 2 3 12 c8 87 5 
5 2 3 6 c8 87 4 
5 2 3 1 c8 cb 2 
5 2 4 12 c8 87 5 
5 2 4 6 c8 87 4 
5 2 4 1 c8 cb 2 
5 2 5 12 c8 87 5 
5 2 5 6 c8 87 4 
5 2 5 1 c8 cb 2 
6 2 1 12 c8 87 5 
6 2 1 6 c8 87 4 
6 2 1 1 c8 cb 2 
6 2 2 12 c8 87 5 
6 2 2 6 c8 87 4 
6 2 2 1 c8 cb 2 
6 2 3 12 c8 87 5 
6 2 3 6 c8 87 4 
6 2 3 1 c8 cb 2 
6 2 4 12 c8 87 5 
6 2 4 6 c8 87 4 
6 2 4 1 c8 cb 2 
6 2 5 12 c8 87 5 
6 2 5 6 c8 87 4 
6 2 5 1 c8 cb 2 
7 2 1 12 c8 87 5 
7 2 1 6 c8 87 4 
7 2 1 1 c8 cb 2 
7 2 2 12 c8 87 5 
7 2 2 6 c8 87 4 
7 2 2 1 c8 cb 2 
7 2 3 12 c8 87 5 
7 2 3 6 c8 87 4 
7 2 3 1 c8 cb 2 
7 2 4 12 c8 87 5 
7 2 4 6 c8 87 4 
7 2 4 1 c8 cb 2 
7 2 5 12 c8 87 5 
7 2 5 6 c8 87 4 
7 2 5 1 c8 cb 2 
8 2 1 12 c8 87 5 
8 2 1 6 c8 87 4 
8 2 1 1 c8 cb 2 
8 2 2 12 c8 87 5 
8 2 2 6 c8 87 4 
8 2 2 1 c8 cb 2 
8 2 3 12 c8 87 5 
8 2 3 6 c8 87 4 
8 2 3 1 c8 cb 2 
8 2 4 12 c8 87 5 
8 2 4 6 c8 87 4 
8 2 4 1 c8 cb 2 
8 2 5 12 c8 87 5 
8 2 5 6 c8 87 4 
8 2 5 1 c8 cb 2 
5 3 1 12 c8 87 5 
5 3 1 6 c8 87 4 
5 3 1 1 c8 ca 2 
5 3 2 12 c8 87 5 
5 3 2 6 c8 87 4 
5 3 2 1 c8 ca 2 
5 3 3 12 c8 87 5 
5 3 3 6 c8 87 4 
5 3 3 1 c8 ca 2 
5 3 4 12 c8 87 5 
5 3 4 6 c8 87 4 
5 3 4 1 c8 ca 2 
5 3 5 12 c8 87 5 
5 3 5 6 c8 87 4 
5 3 5 1 c8 ca 2 
6 3 1 12 c8 87 5 
6 3 1 6 c8 87 4 
6 3 1 1 c8 ca 2 
6 3 2 12 c8 87 5 
6 3 2 6 c8 87 4 
6 3 2 1 c8 ca 2 
6 3 3 12 c8 87 5 
6 3 3 6 c8 87 4 
6 3 3 1 c8 ca 2 
6 3 4 12 c8 87 5 
6 3 4 6 c8 87 4 
6 3 4 1 c8 ca 2 
6 3 5 12 c8 87 5 
6 3 5 6 c8 87 4 
6 3 5 1 c8 ca 2 
7 3 1 12 c8 87 5 
7 3 1 6 c8 87 4 
7 3 1 1 c8 ca 2 
7 3 2 12 c8 87 5 
7 3 2 6 c8 87 4 
7 3 2 1 c8 ca 2 
7 3 3 12 c8 87 5 
7 3 3 6 c8 87 4 
7 3 3 1 c8 ca 2 
7 3 4 12 c8 87 5 
7 3 4 6 c8 87 4 
7 3 4 1 c8 ca 2 
7 3 5 12 c8 87 5 
7 3 5 6 c8 87 4 
7 3 5 1 c8 ca 2 
8 3 1 12 c8 87 5 
8 3 1 6 c8 87 4 
8 3 1 1 c8 ca 2 
8 3 2 12 c8 87 5 
8 3 2 6 c8 87 4 
8 3 2 1 c8 ca 2 
8 3 3 12 c8 87 5 
8 3 3 6 c8 87 4 
8 3 3 1 c8 ca 2 
8 3 4 12 c8 87 5 
8 3 4 6 c8 87 4 
8 3 4 1 c8 ca 2 
8 3 5 12 c8 87 5 
8 3 5 6 c8 87 4 
8 3 5 1 c8 ca 2 
5 4 1 12 c8 87 5 
5 4 1 6 c8 87 4 
5 4 1 1 c8 ca 2 
5 4 2 12 c8 87 5 
5 4 2 6 c8 87 4 
5 4 2 1 c8 ca 2 
5 4 3 12 c8 87 5 
5 4 3 6 c8 87 4 
5 4 3 1 c8 ca 2 
5 4 4 12 c8 87 5 
5 4 4 6 c8 87 4 
5 4 4 1 c8 ca 2 
5 4 5 12 c8 87 5 
5 4 5 6 c8 87 4 
5 4 5 1 c8 ca 2 
6 4 1 12 c8 87 5 
6 4 1 6 c8 87 4 
6 4 1 1 c8 ca 2 
6 4 2 12 c8 87 5 
6 4 2 6 c8 87 4 
6 4 2 1 c8 ca 2 
6 4 3 12 c8 87 5 
6 4 3 6 c8 87 4 
6 4 3 1 c8 ca 2 
6 4 4 12 c8 87 5 
6 4 4 6 c8 87 4 
6 4 4 1 c8 ca 2 
6 4 5 12 c8 87 5 
6 4 5 6 c8 87 4 
6 4 5 1 c8 ca 2 
7 4 1 12 c8 87 5 
7 4 1 6 c8 87 4 
7 4 1 1 c8 ca 2 
7 4 2 12 c8 87 5 
7 4 2 6 c8 87 4 
7 4 2 1 c8 ca 2 
7 4 3 12 c8 87 5 
7 4 3 6 c8 87 4 
7 4 3 1 c8 ca 2 
7 4 4 12 c8 87 5 
7 4 4 6 c8 87 4 
7 4 4 1 c8 ca 2 
7 4 5 12 c8 87 5 
7 4 5 6 c8 87 4 
7 4 5 1 c8 ca 2 
8 4 1 12 c8 87 5 
8 4 1 6 c8 87 4 
8 4 1 1 c8 ca 2 
8 4 2 12 c8 87 5 
8 4 2 6 c8 87 4 
8 4 2 1 c8 ca 2 
8 4 3 12 c8 87 5 
8 4 3 6 c8 87 4 
8 4 3 1 c8 ca 2 
8 4 4 12 c8 87 5 
8 4 4 6 c8 87 4 
8 4 4 1 c8 ca 2 
8 4 5 12 c8 87 5 
8 4 5 6 c8 87 4 
8 4 5 1 c8 ca 2 
5 5 1 12 c8 86 5 
5 5 1 6 c8 86 4 
5 5 1 1 c8 c9 2 
5 5 2 12 c8 86 5 
5 5 2 6 c8 86 4 
5 5 2 1 c8 c9 2 
5 5 3 12 c8 86 5 
5 5 3 6 c8 86 4 
5 5 3 1 c8 c9 2 
5 5 4 12 c8 86 5 
5 5 4 6 c8 86 4 
5 5 4 1 c8 c9 2 
5 5 5 12 c8 86 5 
5 5 5 6 c8 86 4 
5 5 5 1 c8 c9 2 
6 5 1 12 c8 86 5 
6 5 1 6 c8 86 4 
6 5 1 1 c8 c9 2 
6 5 2 12 c8 86 5 
6 5 2 6 c8 86 4 
6 5 2 1 c8 c9 2 
6 5 3 12 c8 86 5 
6 5 3 6 c8 86 4 
6 5 3 1 c8 c9 2 
6 5 4 12 c8 86 5 
6 5 4 6 c8 86 4 
6 5 4 1 c8 c9 2 
6 5 5 12 c8 86 5 
6 5 5 6 c8 86 4 
6 5 5 1 c8 c9 2 
7 5 1 12 c8 86 5 
7 5 1 6 c8 86 4 
7 5 1 1 c8 c9 2 
7 5 2 12 c8 86 5 
7 5 2 6 c8 86 4 
7 5 2 1 c8 c9 2 
7 5 3 12 c8 86 5 
7 5 3 6 c8 86 4 
7 5 3 1 c8 c9 2 
7 5 4 12 c8 86 5 
7 5 4 6 c8 86 4 
7 5 4 1 c8 c9 2 
7 5 5 12 c8 86 5 
7 5 5 6 c8 86 4 
7 5 5 1 c8 c9 2 
8 5 1 12 c8 86 5 
8 5 1 6 c8 86 4 
8 5 1 1 c8 c9 2 
8 5 2 12 c8 86 5 
8 5 2 6 c8 86 4 
8 5 2 1 c8 c9 2 
8 5 3 12 c8 86 5 
8 5 3 6 c8 86 4 
8 5 3 1 c8 c9 2 
8 5 4 12 c8 86 5 
8 5 4 6 c8 86 4 
8 5 4 1 c8 c9 2 
8 5 5 12 c8 86 5 
8 5 5 6 c8 86 4 
8 5 5 1 c8 c9 2 
9 1 1 12 c8 86 5 
9 1 1 6 c8 86 4 
9 1 1 1 c8 c9 2 
9 1 2 12 c8 86 5 
9 1 2 6 c8 86 4 
9 1 2 1 c8 c9 2 
9 1 3 12 c8 86 5 
9 1 3 6 c8 86 4 
9 1 3 1 c8 c9 2 
9 1 4 12 c8 86 5 
9 1 4 6 c8 86 4 
9 1 4 1 c8 c9 2 
9 1 5 12 c8 86 5 
9 1 5 6 c8 86 4 
9 1 5 1 c8 c9 2 
10 1 1 12 c8 86 5 
10 1 1 6 c8 86 4 
10 1 1 1 c8 c9 2 
10 1 2 12 c8 86 5 
10 1 2 6 c8 86 4 
10 1 2 1 c8 c9 2 
10 1 3 12 c8 86 5 
10 1 3 6 c8 86 4 
10 1 3 1 c8 c9 2 
10 1 4 12 c8 86 5 
10 1 4 6 c8 86 4 
10 1 4 1 c8 c9 2 
10 1 5 12 c8 86 5 
10 1 5 6 c8 86 4 
10 1 5 1 c8 c9 2 
11 1 1 12 c8 86 5 
11 1 1 6 c8 86 4 
11 1 1 1 c8 c9 2 
11 1 2 12 c8 86 5 
11 1 2 6 c8 86 4 
11 1 2 1 c8 c9 2 
11 1 3 12 c8 86 5 
11 1 3 6 c8 86 4 
11 1 3 1 c8 c9 2 
11 1 4 12 c8 86 5 
11 1 4 6 c8 86 4 
11 1 4 1 c8 c9 2 
11 1 5 12 c8 86 5 
11 1 5 6 c8 86 4 
11 1 5 1 c8 c9 2 
12 1 1 12 c8 86 5 
12 1 1 6 c8 86 4 
12 1 1 1 c8 c9 2 
12 1 2 12 c8 86 5 
12 1 2 6 c8 86 4 
12 1 2 1 c8 c9 2 
12 1 3 12 c8 86 5 
12 1 3 6 c8 86 4 
12 1 3 1 c8 c9 2 
12 1 4 12 c8 86 5 
12 1 4 6 c8 86 4 
12 1 4 1 c8 c9 2 
12 1 5 12 c8 86 5 
12 1 5 6 c8 86 4 
12 1 5 1 c8 c9 2 
9 2 1 12 c8 85 5 
9 2 1 6 c8 85 4 
9 2 1 1 c8 c8 2 
9 2 2 12 c8 85 5 
9 2 2 6 c8 85 4 
9 2 2 1 c8 c8 2 
9 2 3 12 c8 85 5 
9 2 3 6 c8 85 4 
9 2 3 1 c8 c8 2 
9 2 4 12 c8 85 5 
9 2 4 6 c8 85 4 
9 2 4 1 c8 c8 2 
9 2 5 12 c8 85 5 
9 2 5 6 c8 85 4 
9 2 5 1 c8 c8 2 
10 2 1 12 c8 85 5 
10 2 1 6 c8 85 4 
10 2 1 1 c8 c8 2 
10 2 2 12 c8 85 5 
10 2 2 6 c8 85 4 
10 2 2 1 c8 c8 2 
10 2 3 12 c8 85 5 
10 2 3 6 c8 85 4 
10 2 3 1 c8 c8 2 
10 2 4 12 c8 85 5 
10 2 4 6 c8 85 4 
10 2 4 1 c8 c8 2 
10 2 5 12 c8 85 5 
10 2 5 6 c8 85 4 
10 2 5 1 c8 c8 2 
11 2 1 12 c8 85 5 
11 2 1 6 c8 85 4 
11 2 1 1 c8 c8 2 
11 2 2 12 c8 85 5 
11 2 2 6 c8 85 4 
11 2 2 1 c8 c8 2 
11 2 3 12 c8 85 5 
11 2 3 6 c8 85 4 
11 2 3 1 c8 c8 2 
11 2 4 12 c8 85 5 
11 2 4 6 c8 85 4 
11 2 4 1 c8 c8 2 
11 2 5 12 c8 85 5 
11 2 5 6 c8 85 4 
11 2 5 1 c8 c8 2 
12 2 1 12 c8 85 5 
12 2 1 6 c8 85 4 
12 2 1 1 c8 c8 2 
12 2 2 12 c8 85 5 
12 2 2 6 c8 85 4 
12 2 2 1 c8 c8 2 
12 2 3 12 c8 85 5 
12 2 3 6 c8 85 4 
12 2 3 1 c8 c8 2 
12 2 4 12 c8 85 5 
12 2 4 6 c8 85 4 
12 2 4 1 c8 c8 2 
12 2 5 12 c8 85 5 
12 2 5 6 c8 85 4 
12 2 5 1 c8 c8 2 
9 3 1 12 c8 85 5 
9 3 1 6 c8 85 4 
9 3 1 1 c8 c7 2 
9 3 2 12 c8 85 5 
9 3 2 6 c8 85 4 
9 3 2 1 c8 c7 2 
9 3 3 12 c8 85 5 
9 3 3 6 c8 85 4 
9 3 3 1 c8 c7 2 
9 3 4 12 c8 85 5 
9 3 4 6 c8 85 4 
9 3 4 1 c8 c7 2 
9 3 5 12 c8 85 5 
9 3 5 6 c8 85 4 
9 3 5 1 c8 c7 2 
10 3 1 12 c8 85 5 
10 3 1 6 c8 85 4 
10 3 1 1 c8 c7 2 
10 3 2 12 c8 85 5 
10 3 2 6 c8 85 4 
10 3 2 1 c8 c7 2 
10 3 3 12 c8 85 5 
10 3 3 6 c8 85 4 
10 3 3 1 c8 c7 2 
10 3 4 12 c8 85 5 
10 3 4 6 c8 85 4 
10 3 4 1 c8 c7 2 
10 3 5 12 c8 85 5 
10 3 5 6 c8 85 4 
10 3 5 1 c8 c7 2 
11 3 1 12 c8 85 5 
11 3 1 6 c8 85 4 
11 3 1 1 c8 c7 2 
11 3 2 12 c8 85 5 
11 3 2 6 c8 85 4 
11 3 2 1 c8 c7 2 
11 3 3 12 c8 85 5 
11 3 3 6 c8 85 4 
11 3 3 1 c8 c7 2 
11 3 4 12 c8 85 5 
11 3 4 6 c8 85 4 
11 3 4 1 c8 c7 2 
11 3 5 12 c8 85 5 
11 3 5 6 c8 85 4 
11 3 5 1 c8 c7 2 
12 3 1 12 c8 85 5 
12 3 1 6 c8 85 4 
12 3 1 1 c8 c7 2 
12 3 2 12 c8 85 5 
12 3 2 6 c8 85 4 
12 3 2 1 c8 c7 2 
12 3 3 12 c8 85 5 
12 3 3 6 c8 85 4 
12 3 3 1 c8 c7 2 
12 3 4 12 c8 85 5 
12 3 4 6 c8 85 4 
12 3 4 1 c8 c7 2 
12 3 5 12 c8 85 5 
12 3 5 6 c8 85 4 
12 3 5 1 c8 c7 2 
9 4 1 12 c8 84 5 
9 4 1 6 c8 84 4 
9 4 1 1 c8 c6 2 
9 4 2 12 c8 84 5 
9 4 2 6 c8 84 4 
9 4 2 1 c8 c6 2 
9 4 3 12 c8 84 5 
9 4 3 6 c8 84 4 
9 4 3 1 c8 c6 2 
9 4 4 12 c8 84 5 
9 4 4 6 c8 84 4 
9 4 4 1 c8 c6 2 
9 4 5 12 c8 84 5 
9 4 5 6 c8 84 4 
9 4 5 1 c8 c6 2 
10 4 1 12 c8 84 5 
10 4 1 6 c8 84 4 
10 4 1 1 c8 c6 2 
10 4 2 12 c8 84 5 
10 4 2 6 c8 84 4 
10 4 2 1 c8 c6 2 
10 4 3 12 c8 84 5 
10 4 3 6 c8 84 4 
10 4 3 1 c8 c6 2 
10 4 4 12 c8 84 5 
10 4 4 6 c8 84 4 
10 4 4 1 c8 c6 2 
10 4 5 12 c8 84 5 
10 4 5 6 c8 84 4 
10 4 5 1 c8 c6 2 
11 4 1 12 c8 84 5 
11 4 1 6 c8 84 4 
11 4 1 1 c8 c6 2 
11 4 2 12 c8 84 5 
11 4 2 6 c8 84 4 
11 4 2 1 c8 c6 2 
11 4 3 12 c8 84 5 
11 4 3 6 c8 84 4 
11 4 3 1 c8 c6 2 
11 4 4 12 c8 84 5 
11 4 4 6 c8 84 4 
11 4 4 1 c8 c6 2 
11 4 5 12 c8 84 5 
11 4 5 6 c8 84 4 
11 4 5 1 c8 c6 2 
12 4 1 12 c8 84 5 
12 4 1 6 c8 84 4 
12 4 1 1 c8 c6 2 
12 4 2 12 c8 84 5 
12 4 2 6 c8 84 4 
12 4 2 1 c8 c6 2 
12 4 3 12 c8 84 5 
12 4 3 6 c8 84 4 
12 4 3 1 c8 c6 2 
12 4 4 12 c8 84 5 
12 4 4 6 c8 84 4 
12 4 4 1 c8 c6 2 
12 4 5 12 c8 84 5 
12 4 5 6 c8 84 4 
12 4 5 1 c8 c6 2 
9 5 1 12 c8 84 5 
9 5 1 6 c8 84 4 
9 5 1 1 c8 c6 2 
9 5 2 12 c8 84 5 
9 5 2 6 c8 84 4 
9 5 2 1 c8 c6 2 
9 5 3 12 c8 84 5 
9 5 3 6 c8 84 4 
9 5 3 1 c8 c6 2 
9 5 4 12 c8 84 5 
9 5 4 6 c8 84 4 
9 5 4 1 c8 c6 2 
9 5 5 12 c8 84 5 
9 5 5 6 c8 84 4 
9 5 5 1 c8 c6 2 
10 5 1 12 c8 84 5 
10 5 1 6 c8 84 4 
10 5 1 1 c8 c6 2 
10 5 2 12 c8 84 5 
10 5 2 6 c8 84 4 
10 5 2 1 c8 c6 2 
10 5 3 12 c8 84 5 
10 5 3 6 c8 84 4 
10 5 3 1 c8 c6 2 
10 5 4 12 c8 84 5 
10 5 4 6 c8 84 4 
10 5 4 1 c8 c6 2 
10 5 5 12 c8 84 5 
10 5 5 6 c8 84 4 
10 5 5 1 c8 c6 2 
11 5 1 12 c8 84 5 
11 5 1 6 c8 84 4 
11 5 1 1 c8 c6 2 
11 5 2 12 c8 84 5 
11 5 2 6 c8 84 4 
11 5 2 1 c8 c6 2 
11 5 3 12 c8 84 5 
11 5 3 6 c8 84 4 
11 5 3 1 c8 c6 2 
11 5 4 12 c8 84 5 
11 5 4 6 c8 84 4 
11 5 4 1 c8 c6 2 
11 5 5 12 c8 84 5 
11 5 5 6 c8 84 4 
11 5 5 1 c8 c6 2 
12 5 1 12 c8 84 5 
12 5 1 6 c8 84 4 
12 5 1 1 c8 c6 2 
12 5 2 12 c8 84 5 
12 5 2 6 c8 84 4 
12 5 2 1 c8 c6 2 
12 5 3 12 c8 84 5 
12 5 3 6 c8 84 4 
12 5 3 1 c8 c6 2 
12 5 4 12 c8 84 5 
12 5 4 6 c8 84 4 
12 5 4 1 c8 c6 2 
12 5 5 12 c8 84 5 
12 5 5 6 c8 84 4 
12 5 5 1 c8 c6 2 
13 1 1 12 c8 83 5 
13 1 1 6 c8 83 4 
13 1 1 1 c8 c5 2 
13 1 2 12 c8 83 5 
13 1 2 6 c8 83 4 
13 1 2 1 c8 c5 2 
13 1 3 12 c8 83 5 
13 1 3 6 c8 83 4 
13 1 3 1 c8 c5 2 
13 1 4 12 c8 83 5 
13 1 4 6 c8 83 4 
13 1 4 1 c8 c5 2 
13 1 5 12 c8 83 5 
13 1 5 6 c8 83 4 
13 1 5 1 c8 c5 2 
14 1 1 12 c8 83 5 
14 1 1 6 c8 83 4 
14 1 1 1 c8 c5 2 
14 1 2 12 c8 83 5 
14 1 2 6 c8 83 4 
14 1 2 1 c8 c5 2 
14 1 3 12 c8 83 5 
14 1 3 6 c8 83 4 
14 1 3 1 c8 c5 2 
14 1 4 12 c8 83 5 
14 1 4 6 c8 83 4 
14 1 4 1 c8 c5 2 
14 1 5 12 c8 83 5 
14 1 5 6 c8 83 4 
14 1 5 1 c8 c5 2 
15 1 1 12 c8 83 5 
15 1 1 6 c8 83 4 
15 1 1 1 c8 c5 2 
15 1 2 12 c8 83 5 
15 1 2 6 c8 83 4 
15 1 2 1 c8 c5 2 
15 1 3 12 c8 83 5 
15 1 3 6 c8 83 4 
15 1 3 1 c8 c5 2 
15 1 4 12 c8 83 5 
15 1 4 6 c8 83 4 
15 1 4 1 c8 c5 2 
15 1 5 12 c8 83 5 
15 1 5 6 c8 83 4 
15 1 5 1 c8 c5 2 
16 1 1 12 c8 83 5 
16 1 1 6 c8 83 4 
16 1 1 1 c8 c5 2 
16 1 2 12 c8 83 5 
16 1 2 6 c8 83 4 
16 1 2 1 c8 c5 2 
16 1 3 12 c8 83 5 
16 1 3 6 c8 83 4 
16 1 3 1 c8 c5 2 
16 1 4 12 c8 83 5 
16 1 4 6 c8 83 4 
16 1 4 1 c8 c5 2 
16 1 5 12 c8 83 5 
16 1 5 6 c8 83 4 
16 1 5 1 c8 c5 2 
13 2 1 12 c8 82 5 
13 2 1 6 c8 82 4 
13 2 1 1 c8 c4 2 
13 2 2 12 c8 82 5 
13 2 2 6 c8 82 4 
13 2 2 1 c8 c4 2 
13 2 3 12 c8 82 5 
13 2 3 6 c8 82 4 
13 2 3 1 c8 c4 2 
13 2 4 12 c8 82 5 
13 2 4 6 c8 82 4 
13 2 4 1 c8 c4 2 
13 2 5 12 c8 82 5 
13 2 5 6 c8 82 4 
13 2 5 1 c8 c4 2 
14 2 1 12 c8 82 5 
14 2 1 6 c8 82 4 
14 2 1 1 c8 c4 2 
14 2 2 12 c8 82 5 
14 2 2 6 c8 82 4 
14 2 2 1 c8 c4 2 
14 2 3 12 c8 82 5 
14 2 3 6 c8 82 4 
14 2 3 1 c8 c4 2 
14 2 4 12 c8 82 5 
14 2 4 6 c8 82 4 
14 2 4 1 c8 c4 2 
14 2 5 12 c8 82 5 
14 2 5 6 c8 82 4 
14 2 5 1 c8 c4 2 
15 2 1 12 c8 82 5 
15 2 1 6 c8 82 4 
15 2 1 1 c8 c4 2 
15 2 2 12 c8 82 5 
15 2 2 6 c8 82 4 
15 2 2 1 c8 c4 2 
15 2 3 12 c8 82 5 
15 2 3 6 c8 82 4 
15 2 3 1 c8 c4 2 
15 2 4 12 c8 82 5 
15 2 4 6 c8 82 4 
15 2 4 1 c8 c4 2 
15 2 5 12 c8 82 5 
15 2 5 6 c8 82 4 
15 2 5 1 c8 c4 2 
16 2 1 12 c8 82 5 
16 2 1 6 c8 82 4 
16 2 1 1 c8 c4 2 
16 2 2 12 c8 82 5 
16 2 2 6 c8 82 4 
16 2 2 1 c8 c4 2 
16 2 3 12 c8 82 5 
16 2 3 6 c8 82 4 
16 2 3 1 c8 c4 2 
16 2 4 12 c8 82 5 
16 2 4 6 c8 82 4 
16 2 4 1 c8 c4 2 
16 2 5 12 c8 82 5 
16 2 5 6 c8 82 4 
16 2 5 1 c8 c4 2 
13 3 1 12 c8 82 5 
13 3 1 6 c8 82 4 
13 3 1 1 c8 c3 2 
13 3 2 12 c8 82 5 
13 3 2 6 c8 82 4 
13 3 2 1 c8 c3 2 
13 3 3 12 c8 82 5 
13 3 3 6 c8 82 4 
13 3 3 1 c8 c3 2 
13 3 4 12 c8 82 5 
13 3 4 6 c8 82 4 
13 3 4 1 c8 c3 2 
13 3 5 12 c8 82 5 
13 3 5 6 c8 82 4 
13 3 5 1 c8 c3 2 
14 3 1 12 c8 82 5 
14 3 1 6 c8 82 4 
14 3 1 1 c8 c3 2 
14 3 2 12 c8 82 5 
14 3 2 6 c8 82 4 
14 3 2 1 c8 c3 2 
14 3 3 12 c8 82 5 
14 3 3 6 c8 82 4 
14 3 3 1 c8 c3 2 
14 3 4 12 c8 82 5 
14 3 4 6 c8 82 4 
14 3 4 1 c8 c3 2 
14 3 5 12 c8 82 5 
14 3 5 6 c8 82 4 
14 3 5 1 c8 c3 2 
15 3 1 12 c8 82 5 
15 3 1 6 c8 82 4 
15 3 1 1 c8 c3 2 
15 3 2 12 c8 82 5 
15 3 2 6 c8 82 4 
15 3 2 1 c8 c3 2 
15 3 3 12 c8 82 5 
15 3 3 6 c8 82 4 
15 3 3 1 c8 c3 2 
15 3 4 12 c8 82 5 
15 3 4 6 c8 82 4 
15 3 4 1 c8 c3 2 
15 3 5 12 c8 82 5 
15 3 5 6 c8 82 4 
15 3 5 1 c8 c3 2 
16 3 1 12 c8 82 5 
16 3 1 6 c8 82 4 
16 3 1 1 c8 c3 2 
16 3 2 12 c8 82 5 
16 3 2 6 c8 82 4 
16 3 2 1 c8 c3 2 
16 3 3 12 c8 82 5 
16 3 3 6 c8 82 4 
16 3 3 1 c8 c3 2 
16 3 4 12 c8 82 5 
16 3 4 6 c8 82 4 
16 3 4 1 c8 c3 2 
16 3 5 12 c8 82 5 
16 3 5 6 c8 82 4 
16 3 5 1 c8 c3 2 
13 4 1 12 c8 81 5 
13 4 1 6 c8 81 4 
13 4 1 1 c8 c1 2 
13 4 2 12 c8 81 5 
13 4 2 6 c8 81 4 
13 4 2 1 c8 c1 2 
13 4 3 12 c8 81 5 
13 4 3 6 c8 81 4 
13 4 3 1 c8 c1 2 
13 4 4 12 c8 81 5 
13 4 4 6 c8 81 4 
13 4 4 1 c8 c1 2 
13 4 5 12 c8 81 5 
13 4 5 6 c8 81 4 
13 4 5 1 c8 c1 2 
14 4 1 12 c8 81 5 
14 4 1 6 c8 81 4 
14 4 1 1 c8 c1 2 
14 4 2 12 c8 81 5 
14 4 2 6 c8 81 4 
14 4 2 1 c8 c1 2 
14 4 3 12 c8 81 5 
14 4 3 6 c8 81 4 
14 4 3 1 c8 c1 2 
14 4 4 12 c8 81 5 
14 4 4 6 c8 81 4 
14 4 4 1 c8 c1 2 
14 4 5 12 c8 81 5 
14 4 5 6 c8 81 4 
14 4 5 1 c8 c1 2 
15 4 1 12 c8 81 5 
15 4 1 6 c8 81 4 
15 4 1 1 c8 c1 2 
15 4 2 12 c8 81 5 
15 4 2 6 c8 81 4 
15 4 2 1 c8 c1 2 
15 4 3 12 c8 81 5 
15 4 3 6 c8 81 4 
15 4 3 1 c8 c1 2 
15 4 4 12 c8 81 5 
15 4 4 6 c8 81 4 
15 4 4 1 c8 c1 2 
15 4 5 12 c8 81 5 
15 4 5 6 c8 81 4 
15 4 5 1 c8 c1 2 
16 4 1 12 c8 81 5 
16 4 1 6 c8 81 4 
16 4 1 1 c8 c1 2 
16 4 2 12 c8 81 5 
16 4 2 6 c8 81 4 
16 4 2 1 c8 c1 2 
16 4 3 12 c8 81 5 
16 4 3 6 c8 81 4 
16 4 3 1 c8 c1 2 
16 4 4 12 c8 81 5 
16 4 4 6 c8 81 4 
16 4 4 1 c8 c1 2 
16 4 5 12 c8 81 5 
16 4 5 6 c8 81 4 
16 4 5 1 c8 c1 2 
13 5 1 12 c8 80 5 
13 5 1 6 c8 80 4 
13 5 1 1 c8 c0 2 
13 5 2 12 c8 80 5 
13 5 2 6 c8 80 4 
13 5 2 1 c8 c0 2 
13 5 3 12 c8 80 5 
13 5 3 6 c8 80 4 
13 5 3 1 c8 c0 2 
13 5 4 12 c8 80 5 
13 5 4 6 c8 80 4 
13 5 4 1 c8 c0 2 
13 5 5 12 c8 80 5 
13 5 5 6 c8 80 4 
13 5 5 1 c8 c0 2 
14 5 1 12 c8 80 5 
14 5 1 6 c8 80 4 
14 5 1 1 c8 c0 2 
14 5 2 12 c8 80 5 
14 5 2 6 c8 80 4 
14 5 2 1 c8 c0 2 
14 5 3 12 c8 80 5 
14 5 3 6 c8 80 4 
14 5 3 1 c8 c0 2 
14 5 4 12 c8 80 5 
14 5 4 6 c8 80 4 
14 5 4 1 c8 c0 2 
14 5 5 12 c8 80 5 
14 5 5 6 c8 80 4 
14 5 5 1 c8 c0 2 
15 5 1 12 c8 80 5 
15 5 1 6 c8 80 4 
15 5 1 1 c8 c0 2 
15 5 2 12 c8 80 5 
15 5 2 6 c8 80 4 
15 5 2 1 c8 c0 2 
15 5 3 12 c8 80 5 
15 5 3 6 c8 80 4 
15 5 3 1 c8 c0 2 
15 5 4 12 c8 80 5 
15 5 4 6 c8 80 4 
15 5 4 1 c8 c0 2 
15 5 5 12 c8 80 5 
15 5 5 6 c8 80 4 
15 5 5 1 c8 c0 2 
16 5 1 12 c8 80 5 
16 5 1 6 c8 80 4 
16 5 1 1 c8 c0 2 
16 5 2 12 c8 80 5 
16 5 2 6 c8 80 4 
16 5 2 1 c8 c0 2 
16 5 3 12 c8 80 5 
16 5 3 6 c8 80 4 
16 5 3 1 c8 c0 2 
16 5 4 12 c8 80 5 
16 5 4 6 c8 80 4 
16 5 4 1 c8 c0 2 
16 5 5 12 c8 80 5 
16 5 5 6 c8 80 4 
16 5 5 1 c8 c0 2 
17 1 1 12 c8 ff 6 
17 1 1 6 c8 ff 5 
17 1 1 1 c8 bf 2 
17 1 2 12 c8 ff 6 
17 1 2 6 c8 ff 5 
17 1 2 1 c8 bf 2 
17 1 3 12 c8 ff 6 
17 1 3 6 c8 ff 5 
17 1 3 1 c8 bf 2 
17 1 4 12 c8 ff 6 
17 1 4 6 c8 ff 5 
17 1 4 1 c8 bf 2 
17 1 5 12 c8 ff 6 
17 1 5 6 c8 ff 5 
17 1 5 1 c8 bf 2 
18 1 1 12 c8 ff 6 
18 1 1 6 c8 ff 5 
18 1 1 1 c8 bf 2 
18 1 2 12 c8 ff 6 
18 1 2 6 c8 ff 5 
18 1 2 1 c8 bf 2 
18 1 3 12 c8 ff 6 
18 1 3 6 c8 ff 5 
18 1 3 1 c8 bf 2 
18 1 4 12 c8 ff 6 
18 1 4 6 c8 ff 5 
18 1 4 1 c8 bf 2 
18 1 5 12 c8 ff 6 
18 1 5 6 c8 ff 5 
18 1 5 1 c8 bf 2 
19 1 1 12 c8 ff 6 
19 1 1 6 c8 ff 5 
19 1 1 1 c8 bf 2 
19 1 2 12 c8 ff 6 
19 1 2 6 c8 ff 5 
19 1 2 1 c8 bf 2 
19 1 3 12 c8 ff 6 
19 1 3 6 c8 ff 5 
19 1 3 1 c8 bf 2 
19 1 4 12 c8 ff 6 
19 1 4 6 c8 ff 5 
19 1 4 1 c8 bf 2 
19 1 5 12 c8 ff 6 
19 1 5 6 c8 ff 5 
19 1 5 1 c8 bf 2 
20 1 1 12 c8 ff 6 
20 1 1 6 c8 ff 5 
20 1 1 1 c8 bf 2 
20 1 2 12 c8 ff 6 
20 1 2 6 c8 ff 5 
20 1 2 1 c8 bf 2 
20 1 3 12 c8 ff 6 
20 1 3 6 c8 ff 5 
20 1 3 1 c8 bf 2 
20 1 4 12 c8 ff 6 
20 1 4 6 c8 ff 5 
20 1 4 1 c8 bf 2 
20 1 5 12 c8 ff 6 
20 1 5 6 c8 ff 5 
20 1 5 1 c8 bf 2 
17 2 1 12 c8 fd 6 
17 2 1 6 c8 fd 5 
17 2 1 1 c8 be 2 
17 2 2 12 c8 fd 6 
17 2 2 6 c8 fd 5 
17 2 2 1 c8 be 2 
17 2 3 12 c8 fd 6 
17 2 3 6 c8 fd 5 
17 2 3 1 c8 be 2 
17 2 4 12 c8 fd 6 
17 2 4 6 c8 fd 5 
17 2 4 1 c8 be 2 
17 2 5 12 c8 fd 6 
17 2 5 6 c8 fd 5 
17 2 5 1 c8 be 2 
18 2 1 12 c8 fd 6 
18 2 1 6 c8 fd 5 
18 2 1 1 c8 be 2 
18 2 2 12 c8 fd 6 
18 2 2 6 c8 fd 5 
18 2 2 1 c8 be 2 
18 2 3 12 c8 fd 6 
18 2 3 6 c8 fd 5 
18 2 3 1 c8 be 2 
18 2 4 12 c8 fd 6 
18 2 4 6 c8 fd 5 
18 2 4 1 c8 be 2 
18 2 5 12 c8 fd 6 
18 2 5 6 c8 fd 5 
18 2 5 1 c8 be 2 
19 2 1 12 c8 fd 6 
19 2 1 6 c8 fd 5 
19 2 1 1 c8 be 2 
19 2 2 12 c8 fd 6 
19 2 2 6 c8 fd 5 
19 2 2 1 c8 be 2 
19 2 3 12 c8 fd 6 
19 2 3 6 c8 fd 5 
19 2 3 1 c8 be 2 
19 2 4 12 c8 fd 6 
19 2 4 6 c8 fd 5 
19 2 4 1 c8 be 2 
19 2 5 12 c8 fd 6 
19 2 5 6 c8 fd 5 
19 2 5 1 c8 be 2 
20 2 1 12 c8 fd 6 
20 2 1 6 c8 fd 5 
20 2 1 1 c8 be 2 
20 2 2 12 c8 fd 6 
20 2 2 6 c8 fd 5 
20 2 2 1 c8 be 2 
20 2 3 12 c8 fd 6 
20 2 3 6 c8 fd 5 
20 2 3 1 c8 be 2 
20 2 4 12 c8 fd 6 
20 2 4 6 c8 fd 5 
20 2 4 1 c8 be 2 
20 2 5 12 c8 fd 6 
20 2 5 6 c8 fd 5 
20 2 5 1 c8 be 2 
17 3 1 12 c8 fb 6 
17 3 1 6 c8 fb 5 
17 3 1 1 c8 bc 2 
17 3 2 12 c8 fb 6 
17 3 2 6 c8 fb 5 
17 3 2 1 c8 bc 2 
17 3 3 12 c8 fb 6 
17 3 3 6 c8 fb 5 
17 3 3 1 c8 bc 2 
17 3 4 12 c8 fb 6 
17 3 4 6 c8 fb 5 
17 3 4 1 c8 bc 2 
17 3 5 12 c8 fb 6 
17 3 5 6 c8 fb 5 
17 3 5 1 c8 bc 2 
18 3 1 12 c8 fb 6 
18 3 1 6 c8 fb 5 
18 3 1 1 c8 bc 2 
18 3 2 12 c8 fb 6 
18 3 2 6 c8 fb 5 
18 3 2 1 c8 bc 2 
18 3 3 12 c8 fb 6 
18 3 3 6 c8 fb 5 
18 3 3 1 c8 bc 2 
18 3 4 12 c8 fb 6 
18 3 4 6 c8 fb 5 
18 3 4 1 c8 bc 2 
18 3 5 12 c8 fb 6 
18 3 5 6 c8 fb 5 
18 3 5 1 c8 bc 2 
19 3 1 12 c8 fb 6 
19 3 1 6 c8 fb 5 
19 3 1 1 c8 bc 2 
19 3 2 12 c8 fb 6 
19 3 2 6 c8 fb 5 
19 3 2 1 c8 bc 2 
19 3 3 12 c8 fb 6 
19 3 3 6 c8 fb 5 
19 3 3 1 c8 bc 2 
19 3 4 12 c8 fb 6 
19 3 4 6 c8 fb 5 
19 3 4 1 c8 bc 2 
19 3 5 12 c8 fb 6 
19 3 5 6 c8 fb 5 
19 3 5 1 c8 bc 2 
20 3 1 12 c8 fb 6 
20 3 1 6 c8 fb 5 
20 3 1 1 c8 bc 2 
20 3 2 12 c8 fb 6 
20 3 2 6 c8 fb 5 
20 3 2 1 c8 bc 2 
20 3 3 12 c8 fb 6 
20 3 3 6 c8 fb 5 
20 3 3 1 c8 bc 2 
20 3 4 12 c8 fb 6 
20 3 4 6 c8 fb 5 
20 3 4 1 c8 bc 2 
20 3 5 12 c8 fb 6 
20 3 5 6 c8 fb 5 
20 3 5 1 c8 bc 2 
17 4 1 12 c8 f9 6 
17 4 1 6 c8 f9 5 
17 4 1 1 c8 bb 2 
17 4 2 12 c8 f9 6 
17 4 2 6 c8 f9 5 
17 4 2 1 c8 bb 2 
17 4 3 12 c8 f9 6 
17 4 3 6 c8 f9 5 
17 4 3 1 c8 bb 2 
17 4 4 12 c8 f9 6 
17 4 4 6 c8 f9 5 
17 4 4 1 c8 bb 2 
17 4 5 12 c8 f9 6 
17 4 5 6 c8 f9 5 
17 4 5 1 c8 bb 2 
18 4 1 12 c8 f9 6 
18 4 1 6 c8 f9 5 
18 4 1 1 c8 bb 2 
18 4 2 12 c8 f9 6 
18 4 2 6 c8 f9 5 
18 4 2 1 c8 bb 2 
18 4 3 12 c8 f9 6 
18 4 3 6 c8 f9 5 
18 4 3 1 c8 bb 2 
18 4 4 12 c8 f9 6 
18 4 4 6 c8 f9 5 
18 4 4 1 c8 bb 2 
18 4 5 12 c8 f9 6 
18 4 5 6 c8 f9 5 
18 4 5 1 c8 bb 2 
19 4 1 12 c8 f9 6 
19 4 1 6 c8 f9 5 
19 4 1 1 c8 bb 2 
19 4 2 12 c8 f9 6 
19 4 2 6 c8 f9 5 
19 4 2 1 c8 bb 2 
19 4 3 12 c8 f9 6 
19 4 3 6 c8 f9 5 
19 4 3 1 c8 bb 2 
19 4 4 12 c8 f9 6 
19 4 4 6 c8 f9 5 
19 4 4 1 c8 bb 2 
19 4 5 12 c8 f9 6 
19 4 5 6 c8 f9 5 
19 4 5 1 c8 bb 2 
20 4 1 12 c8 f9 6 
20 4 1 6 c8 f9 5 
20 4 1 1 c8 bb 2 
20 4 2 12 c8 f9 6 
20 4 2 6 c8 f9 5 
20 4 2 1 c8 bb 2 
20 4 3 12 c8 f9 6 
20 4 3 6 c8 f9 5 
20 4 3 1 c8 bb 2 
20 4 4 12 c8 f9 6 
20 4 4 6 c8 f9 5 
20 4 4 1 c8 bb 2 
20 4 5 12 c8 f9 6 
20 4 5 6 c8 f9 5 
20 4 5 1 c8 bb 2 
17 5 1 12 c8 f8 6 
17 5 1 6 c8 f8 5 
17 5 1 1 c8 ba 2 
17 5 2 12 c8 f8 6 
17 5 2 6 c8 f8 5 
17 5 2 1 c8 ba 2 
17 5 3 12 c8 f8 6 
17 5 3 6 c8 f8 5 
17 5 3 1 c8 ba 2 
17 5 4 12 c8 f8 6 
17 5 4 6 c8 f8 5 
17 5 4 1 c8 ba 2 
17 5 5 12 c8 f8 6 
17 5 5 6 c8 f8 5 
17 5 5 1 c8 ba 2 
18 5 1 12 c8 f8 6 
18 5 1 6 c8 f8 5 
18 5 1 1 c8 ba 2 
18 5 2 12 c8 f8 6 
18 5 2 6 c8 f8 5 
18 5 2 1 c8 ba 2 
18 5 3 12 c8 f8 6 
18 5 3 6 c8 f8 5 
18 5 3 1 c8 ba 2 
18 5 4 12 c8 f8 6 
18 5 4 6 c8 f8 5 
18 5 4 1 c8 ba 2 
18 5 5 12 c8 f8 6 
18 5 5 6 c8 f8 5 
18 5 5 1 c8 ba 2 
19 5 1 12 c8 f8 6 
19 5 1 6 c8 f8 5 
19 5 1 1 c8 ba 2 
19 5 2 12 c8 f8 6 
19 5 2 6 c8 f8 5 
19 5 2 1 c8 ba 2 
19 5 3 12 c8 f8 6 
19 5 3 6 c8 f8 5 
19 5 3 1 c8 ba 2 
19 5 4 12 c8 f8 6 
19 5 4 6 c8 f8 5 
19 5 4 1 c8 ba 2 
19 5 5 12 c8 f8 6 
19 5 5 6 c8 f8 5 
19 5 5 1 c8 ba 2 
20 5 1 12 c8 f8 6 
20 5 1 6 c8 f8 5 
20 5 1 1 c8 ba 2 
20 5 2 12 c8 f8 6 
20 5 2 6 c8 f8 5 
20 5 2 1 c8 ba 2 
20 5 3 12 c8 f8 6 
20 5 3 6 c8 f8 5 
20 5 3 1 c8 ba 2 
20 5 4 12 c8 f8 6 
20 5 4 6 c8 f8 5 
20 5 4 1 c8 ba 2 
20 5 5 12 c8 f8 6 
20 5 5 6 c8 f8 5 
20 5 5 1 c8 ba 2 
21 1 1 12 c8 f6 6 
21 1 1 6 c8 f6 5 
21 1 1 1 c8 b8 2 
21 1 2 12 c8 f6 6 
21 1 2 6 c8 f6 5 
21 1 2 1 c8 b8 2 
21 1 3 12 c8 f6 6 
21 1 3 6 c8 f6 5 
21 1 3 1 c8 b8 2 
21 1 4 12 c8 f6 6 
21 1 4 6 c8 f6 5 
21 1 4 1 c8 b8 2 
21 1 5 12 c8 f6 6 
21 1 5 6 c8 f6 5 
21 1 5 1 c8 b8 2 
22 1 1 12 c8 f6 6 
22 1 1 6 c8 f6 5 
22 1 1 1 c8 b8 2 
22 1 2 12 c8 f6 6 
22 1 2 6 c8 f6 5 
22 1 2 1 c8 b8 2 
22 1 3 12 c8 f6 6 
22 1 3 6 c8 f6 5 
22 1 3 1 c8 b8 2 
22 1 4 12 c8 f6 6 
22 1 4 6 c8 f6 5 
22 1 4 1 c8 b8 2 
22 1 5 12 c8 f6 6 
22 1 5 6 c8 f6 5 
22 1 5 1 c8 b8 2 
23 1 1 12 c8 f6 6 
23 1 1 6 c8 f6 5 
23 1 1 1 c8 b8 2 
23 1 2 12 c8 f6 6 
23 1 2 6 c8 f6 5 
23 1 2 1 c8 b8 2 
23 1 3 12 c8 f6 6 
23 1 3 6 c8 f6 5 
23 1 3 1 c8 b8 2 
23 1 4 12 c8 f6 6 
23 1 4 6 c8 f6 5 
23 1 4 1 c8 b8 2 
23 1 5 12 c8 f6 6 
23 1 5 6 c8 f6 5 
23 1 5 1 c8 b8 2 
24 1 1 12 c8 f6 6 
24 1 1 6 c8 f6 5 
24 1 1 1 c8 b8 2 
24 1 2 12 c8 f6 6 
24 1 2 6 c8 f6 5 
24 1 2 1 c8 b8 2 
24 1 3 12 c8 f6 6 
24 1 3 6 c8 f6 5 
24 1 3 1 c8 b8 2 
24 1 4 12 c8 f6 6 
24 1 4 6 c8 f6 5 
24 1 4 1 c8 b8 2 
24 1 5 12 c8 f6 6 
24 1 5 6 c8 f6 5 
24 1 5 1 c8 b8 2 
21 2 1 12 c8 f3 6 
21 2 1 6 c8 f3 5 
21 2 1 1 c8 b7 2 
21 2 2 12 c8 f3 6 
21 2 2 6 c8 f3 5 
21 2 2 1 c8 b7 2 
21 2 3 12 c8 f3 6 
21 2 3 6 c8 f3 5 
21 2 3 1 c8 b7 2 
21 2 4 12 c8 f3 6 
21 2 4 6 c8 f3 5 
21 2 4 1 c8 b7 2 
21 2 5 12 c8 f3 6 
21 2 5 6 c8 f3 5 
21 2 5 1 c8 b7 2 
22 2 1 12 c8 f3 6 
22 2 1 6 c8 f3 5 
22 2 1 1 c8 b7 2 
22 2 2 12 c8 f3 6 
22 2 2 6 c8 f3 5 
22 2 2 1 c8 b7 2 
22 2 3 12 c8 f3 6 
22 2 3 6 c8 f3 5 
22 2 3 1 c8 b7 2 
22 2 4 12 c8 f3 6 
22 2 4 6 c8 f3 5 
22 2 4 1 c8 b7 2 
22 2 5 12 c8 f3 6 
22 2 5 6 c8 f3 5 
22 2 5 1 c8 b7 2 
23 2 1 12 c8 f3 6 
23 2 1 6 c8 f3 5 
23 2 1 1 c8 b7 2 
23 2 2 12 c8 f3 6 
23 2 2 6 c8 f3 5 
23 2 2 1 c8 b7 2 
23 2 3 12 c8 f3 6 
23 2 3 6 c8 f3 5 
23 2 3 1 c8 b7 2 
23 2 4 12 c8 f3 6 
23 2 4 6 c8 f3 5 
23 2 4 1 c8 b7 2 
23 2 5 12 c8 f3 6 
23 2 5 6 c8 f3 5 
23 2 5 1 c8 b7 2 
24 2 1 12 c8 f3 6 
24 2 1 6 c8 f3 5 
24 2 1 1 c8 b7 2 
24 2 2 12 c8 f3 6 
24 2 2 6 c8 f3 5 
24 2 2 1 c8 b7 2 
24 2 3 12 c8 f3 6 
24 2 3 6 c8 f3 5 
24 2 3 1 c8 b7 2 
24 2 4 12 c8 f3 6 
24 2 4 6 c8 f3 5 
24 2 4 1 c8 b7 2 
24 2 5 12 c8 f3 6 
24 2 5 6 c8 f3 5 
24 2 5 1 c8 b7 2 
21 3 1 12 c8 f1 6 
21 3 1 6 c8 f1 5 
21 3 1 1 c8 b5 2 
21 3 2 12 c8 f1 6 
21 3 2 6 c8 f1 5 
21 3 2 1 c8 b5 2 
21 3 3 12 c8 f1 6 
21 3 3 6 c8 f1 5 
21 3 3 1 c8 b5 2 
21 3 4 12 c8 f1 6 
21 3 4 6 c8 f1 5 
21 3 4 1 c8 b5 2 
21 3 5 12 c8 f1 6 
21 3 5 6 c8 f1 5 
21 3 5 1 c8 b5 2 
22 3 1 12 c8 f1 6 
22 3 1 6 c8 f1 5 
22 3 1 1 c8 b5 2 
22 3 2 12 c8 f1 6 
22 3 2 6 c8 f1 5 
22 3 2 1 c8 b5 2 
22 3 3 12 c8 f1 6 
22 3 3 6 c8 f1 5 
22 3 3 1 c8 b5 2 
22 3 4 12 c8 f1 6 
22 3 4 6 c8 f1 5 
22 3 4 1 c8 b5 2 
22 3 5 12 c8 f1 6 
22 3 5 6 c8 f1 5 
22 3 5 1 c8 b5 2 
23 3 1 12 c8 f1 6 
23 3 1 6 c8 f1 5 
23 3 1 1 c8 b5 2 
23 3 2 12 c8 f1 6 
23 3 2 6 c8 f1 5 
23 3 2 1 c8 b5 2 
23 3 3 12 c8 f1 6 
23 3 3 6 c8 f1 5 
23 3 3 1 c8 b5 2 
23 3 4 12 c8 f1 6 
23 3 4 6 c8 f1 5 
23 3 4 1 c8 b5 2 
23 3 5 12 c8 f1 6 
23 3 5 6 c8 f1 5 
23 3 5 1 c8 b5 2 
24 3 1 12 c8 f1 6 
24 3 1 6 c8 f1 5 
24 3 1 1 c8 b5 2 
24 3 2 12 c8 f1 6 
24 3 2 6 c8 f1 5 
24 3 2 1 c8 b5 2 
24 3 3 12 c8 f1 6 
24 3 3 6 c8 f1 5 
24 3 3 1 c8 b5 2 
24 3 4 12 c8 f1 6 
24 3 4 6 c8 f1 5 
24 3 4 1 c8 b5 2 
24 3 5 12 c8 f1 6 
24 3 5 6 c8 f1 5 
24 3 5 1 c8 b5 2 
21 4 1 12 c8 ef 6 
21 4 1 6 c8 ef 5 
21 4 1 1 c8 b3 2 
21 4 2 12 c8 ef 6 
21 4 2 6 c8 ef 5 
21 4 2 1 c8 b3 2 
21 4 3 12 c8 ef 6 
21 4 3 6 c8 ef 5 
21 4 3 1 c8 b3 2 
21 4 4 12 c8 ef 6 
21 4 4 6 c8 ef 5 
21 4 4 1 c8 b3 2 
21 4 5 12 c8 ef 6 
21 4 5 6 c8 ef 5 
21 4 5 1 c8 b3 2 
22 4 1 12 c8 ef 6 
22 4 1 6 c8 ef 5 
22 4 1 1 c8 b3 2 
22 4 2 12 c8 ef 6 
22 4 2 6 c8 ef 5 
22 4 2 1 c8 b3 2 
22 4 3 12 c8 ef 6 
22 4 3 6 c8 ef 5 
22 4 3 1 c8 b3 2 
22 4 4 12 c8 ef 6 
22 4 4 6 c8 ef 5 
22 4 4 1 c8 b3 2 
22 4 5 12 c8 ef 6 
22 4 5 6 c8 ef 5 
22 4 5 1 c8 b3 2 
23 4 1 12 c8 ef 6 
23 4 1 6 c8 ef 5 
23 4 1 1 c8 b3 2 
23 4 2 12 c8 ef 6 
23 4 2 6 c8 ef 5 
23 4 2 1 c8 b3 2 
23 4 3 12 c8 ef 6 
23 4 3 6 c8 ef 5 
23 4 3 1 c8 b3 2 
23 4 4 12 c8 ef 6 
23 4 4 6 c8 ef 5 
23 4 4 1 c8 b3 2 
23 4 5 12 c8 ef 6 
23 4 5 6 c8 ef 5 
23 4 5 1 c8 b3 2 
24 4 1 12 c8 ef 6 
24 4 1 6 c8 ef 5 
24 4 1 1 c8 b3 2 
24 4 2 12 c8 ef 6 
24 4 2 6 c8 ef 5 
24 4 2 1 c8 b3 2 
24 4 3 12 c8 ef 6 
24 4 3 6 c8 ef 5 
24 4 3 1 c8 b3 2 
24 4 4 12 c8 ef 6 
24 4 4 6 c8 ef 5 
24 4 4 1 c8 b3 2 
24 4 5 12 c8 ef 6 
24 4 5 6 c8 ef 5 
24 4 5 1 c8 b3 2 
21 5 1 12 c8 ed 6 
21 5 1 6 c8 ed 5 
21 5 1 1 c8 b2 2 
21 5 2 12 c8 ed 6 
21 5 2 6 c8 ed 5 
21 5 2 1 c8 b2 2 
21 5 3 12 c8 ed 6 
21 5 3 6 c8 ed 5 
21 5 3 1 c8 b2 2 
21 5 4 12 c8 ed 6 
21 5 4 6 c8 ed 5 
21 5 4 1 c8 b2 2 
21 5 5 12 c8 ed 6 
21 5 5 6 c8 ed 5 
21 5 5 1 c8 b2 2 
22 5 1 12 c8 ed 6 
22 5 1 6 c8 ed 5 
22 5 1 1 c8 b2 2 
22 5 2 12 c8 ed 6 
22 5 2 6 c8 ed 5 
22 5 2 1 c8 b2 2 
22 5 3 12 c8 ed 6 
22 5 3 6 c8 ed 5 
22 5 3 1 c8 b2 2 
22 5 4 12 c8 ed 6 
22 5 4 6 c8 ed 5 
22 5 4 1 c8 b2 2 
22 5 5 12 c8 ed 6 
22 5 5 6 c8 ed 5 
22 5 5 1 c8 b2 2 
23 5 1 12 c8 ed 6 
23 5 1 6 c8 ed 5 
23 5 1 1 c8 b2 2 
23 5 2 12 c8 ed 6 
23 5 2 6 c8 ed 5 
23 5 2 1 c8 b2 2 
23 5 3 12 c8 ed 6 
23 5 3 6 c8 ed 5 
23 5 3 1 c8 b2 2 
23 5 4 12 c8 ed 6 
23 5 4 6 c8 ed 5 
23 5 4 1 c8 b2 2 
23 5 5 12 c8 ed 6 
23 5 5 6 c8 ed 5 
23 5 5 1 c8 b2 2 
24 5 1 12 c8 ed 6 
24 5 1 6 c8 ed 5 
24 5 1 1 c8 b2 2 
24 5 2 12 c8 ed 6 
24 5 2 6 c8 ed 5 
24 5 2 1 c8 b2 2 
24 5 3 12 c8 ed 6 
24 5 3 6 c8 ed 5 
24 5 3 1 c8 b2 2 
24 5 4 12 c8 ed 6 
24 5 4 6 c8 ed 5 
24 5 4 1 c8 b2 2 
24 5 5 12 c8 ed 6 
24 5 5 6 c8 ed 5 
24 5 5 1 c8 b2 2 
25 1 1 12 c8 ea 6 
25 1 1 6 c8 ea 5 
25 1 1 1 c8 b0 2 
25 1 2 12 c8 ea 6 
25 1 2 6 c8 ea 5 
25 1 2 1 c8 b0 2 
25 1 3 12 c8 ea 6 
25 1 3 6 c8 ea 5 
25 1 3 1 c8 b0 2 
25 1 4 12 c8 ea 6 
25 1 4 6 c8 ea 5 
25 1 4 1 c8 b0 2 
25 1 5 12 c8 ea 6 
25 1 5 6 c8 ea 5 
25 1 5 1 c8 b0 2 
26 1 1 12 c8 ea 6 
26 1 1 6 c8 ea 5 
26 1 1 1 c8 b0 2 
26 1 2 12 c8 ea 6 
26 1 2 6 c8 ea 5 
26 1 2 1 c8 b0 2 
26 1 3 12 c8 ea 6 
26 1 3 6 c8 ea 5 
26 1 3 1 c8 b0 2 
26 1 4 12 c8 ea 6 
26 1 4 6 c8 ea 5 
26 1 4 1 c8 b0 2 
26 1 5 12 c8 ea 6 
26 1 5 6 c8 ea 5 
26 1 5 1 c8 b0 2 
27 1 1 12 c8 ea 6 
27 1 1 6 c8 ea 5 
27 1 1 1 c8 b0 2 
27 1 2 12 c8 ea 6 
27 1 2 6 c8 ea 5 
27 1 2 1 c8 b0 2 
27 1 3 12 c8 ea 6 
27 1 3 6 c8 ea 5 
27 1 3 1 c8 b0 2 
27 1 4 12 c8 ea 6 
27 1 4 6 c8 ea 5 
27 1 4 1 c8 b0 2 
27 1 5 12 c8 ea 6 
27 1 5 6 c8 ea 5 
27 1 5 1 c8 b0 2 
28 1 1 12 c8 ea 6 
28 1 1 6 c8 ea 5 
28 1 1 1 c8 b0 2 
28 1 2 12 c8 ea 6 
28 1 2 6 c8 ea 5 
28 1 2 1 c8 b0 2 
28 1 3 12 c8 ea 6 
28 1 3 6 c8 ea 5 
28 1 3 1 c8 b0 2 
28 1 4 12 c8 ea 6 
28 1 4 6 c8 ea 5 
28 1 4 1 c8 b0 2 
28 1 5 12 c8 ea 6 
28 1 5 6 c8 ea 5 
28 1 5 1 c8 b0 2 
25 2 1 12 c8 e8 6 
25 2 1 6 c8 e8 5 
25 2 1 1 c8 ae 2 
25 2 2 12 c8 e8 6 
25 2 2 6 c8 e8 5 
25 2 2 1 c8 ae 2 
25 2 3 12 c8 e8 6 
25 2 3 6 c8 e8 5 
25 2 3 1 c8 ae 2 
25 2 4 12 c8 e8 6 
25 2 4 6 c8 e8 5 
25 2 4 1 c8 ae 2 
25 2 5 12 c8 e8 6 
25 2 5 6 c8 e8 5 
25 2 5 1 c8 ae 2 
26 2 1 12 c8 e8 6 
26 2 1 6 c8 e8 5 
26 2 1 1 c8 ae 2 
26 2 2 12 c8 e8 6 
26 2 2 6 c8 e8 5 
26 2 2 1 c8 ae 2 
26 2 3 12 c8 e8 6 
26 2 3 6 c8 e8 5 
26 2 3 1 c8 ae 2 
26 2 4 12 c8 e8 6 
26 2 4 6 c8 e8 5 
26 2 4 1 c8 ae 2 
26 2 5 12 c8 e8 6 
26 2 5 6 c8 e8 5 
26 2 5 1 c8 ae 2 
27 2 1 12 c8 e8 6 
27 2 1 6 c8 e8 5 
27 2 1 1 c8 ae 2 
27 2 2 12 c8 e8 6 
27 2 2 6 c8 e8 5 
27 2 2 1 c8 ae 2 
27 2 3 12 c8 e8 6 
27 2 3 6 c8 e8 5 
27 2 3 1 c8 ae 2 
27 2 4 12 c8 e8 6 
27 2 4 6 c8 e8 5 
27 2 4 1 c8 ae 2 
27 2 5 12 c8 e8 6 
27 2 5 6 c8 e8 5 
27 2 5 1 c8 ae 2 
28 2 1 12 c8 e8 6 
28 2 1 6 c8 e8 5 
28 2 1 1 c8 ae 2 
28 2 2 12 c8 e8 6 
28 2 2 6 c8 e8 5 
28 2 2 1 c8 ae 2 
28 2 3 12 c8 e8 6 
28 2 3 6 c8 e8 5 
28 2 3 1 c8 ae 2 
28 2 4 12 c8 e8 6 
28 2 4 6 c8 e8 5 
28 2 4 1 c8 ae 2 
28 2 5 12 c8 e8 6 
28 2 5 6 c8 e8 5 
28 2 5 1 c8 ae 2 
25 3 1 12 c8 e5 6 
25 3 1 6 c8 e5 5 
25 3 1 1 c8 ac 2 
25 3 2 12 c8 e5 6 
25 3 2 6 c8 e5 5 
25 3 2 1 c8 ac 2 
25 3 3 12 c8 e5 6 
25 3 3 6 c8 e5 5 
25 3 3 1 c8 ac 2 
25 3 4 12 c8 e5 6 
25 3 4 6 c8 e5 5 
25 3 4 1 c8 ac 2 
25 3 5 12 c8 e5 6 
25 3 5 6 c8 e5 5 
25 3 5 1 c8 ac 2 
26 3 1 12 c8 e5 6 
26 3 1 6 c8 e5 5 
26 3 1 1 c8 ac 2 
26 3 2 12 c8 e5 6 
26 3 2 6 c8 e5 5 
26 3 2 1 c8 ac 2 
26 3 3 12 c8 e5 6 
26 3 3 6 c8 e5 5 
26 3 3 1 c8 ac 2 
26 3 4 12 c8 e5 6 
26 3 4 6 c8 e5 5 
26 3 4 1 c8 ac 2 
26 3 5 12 c8 e5 6 
26 3 5 6 c8 e5 5 
26 3 5 1 c8 ac 2 
27 3 1 12 c8 e5 6 
27 3 1 6 c8 e5 5 
27 3 1 1 c8 ac 2 
27 3 2 12 c8 e5 6 
27 3 2 6 c8 e5 5 
27 3 2 1 c8 ac 2 
27 3 3 12 c8 e5 6 
27 3 3 6 c8 e5 5 
27 3 3 1 c8 ac 2 
27 3 4 12 c8 e5 6 
27 3 4 6 c8 e5 5 
27 3 4 1 c8 ac 2 
27 3 5 12 c8 e5 6 
27 3 5 6 c8 e5 5 
27 3 5 1 c8 ac 2 
28 3 1 12 c8 e5 6 
28 3 1 6 c8 e5 5 
28 3 1 1 c8 ac 2 
28 3 2 12 c8 e5 6 
28 3 2 6 c8 e5 5 
28 3 2 1 c8 ac 2 
28 3 3 12 c8 e5 6 
28 3 3 6 c8 e5 5 
28 3 3 1 c8 ac 2 
28 3 4 12 c8 e5 6 
28 3 4 6 c8 e5 5 
28 3 4 1 c8 ac 2 
28 3 5 12 c8 e5 6 
28 3 5 6 c8 e5 5 
28 3 5 1 c8 ac 2 
25 4 1 12 c8 e3 6 
25 4 1 6 c8 e3 5 
25 4 1 1 c8 aa 2 
25 4 2 12 c8 e3 6 
25 4 2 6 c8 e3 5 
25 4 2 1 c8 aa 2 
25 4 3 12 c8 e3 6 
25 4 3 6 c8 e3 5 
25 4 3 1 c8 aa 2 
25 4 4 12 c8 e3 6 
25 4 4 6 c8 e3 5 
25 4 4 1 c8 aa 2 
25 4 5 12 c8 e3 6 
25 4 5 6 c8 e3 5 
25 4 5 1 c8 aa 2 
26 4 1 12 c8 e3 6 
26 4 1 6 c8 e3 5 
26 4 1 1 c8 aa 2 
26 4 2 12 c8 e3 6 
26 4 2 6 c8 e3 5 
26 4 2 1 c8 aa 2 
26 4 3 12 c8 e3 6 
26 4 3 6 c8 e3 5 
26 4 3 1 c8 aa 2 
26 4 4 12 c8 e3 6 
26 4 4 6 c8 e3 5 
26 4 4 1 c8 aa 2 
26 4 5 12 c8 e3 6 
26 4 5 6 c8 e3 5 
26 4 5 1 c8 aa 2 
27 4 1 12 c8 e3 6 
27 4 1 6 c8 e3 5 
27 4 1 1 c8 aa 2 
27 4 2 12 c8 e3 6 
27 4 2 6 c8 e3 5 
27 4 2 1 c8 aa 2 
27 4 3 12 c8 e3 6 
27 4 3 6 c8 e3 5 
27 4 3 1 c8 aa 2 
27 4 4 12 c8 e3 6 
27 4 4 6 c8 e3 5 
27 4 4 1 c8 aa 2 
27 4 5 12 c8 e3 6 
27 4 5 6 c8 e3 5 
27 4 5 1 c8 aa 2 
28 4 1 12 c8 e3 6 
28 4 1 6 c8 e3 5 
28 4 1 1 c8 aa 2 
28 4 2 12 c8 e3 6 
28 4 2 6 c8 e3 5 
28 4 2 1 c8 aa 2 
28 4 3 12 c8 e3 6 
28 4 3 6 c8 e3 5 
28 4 3 1 c8 aa 2 
28 4 4 12 c8 e3 6 
28 4 4 6 c8 e3 5 
28 4 4 1 c8 aa 2 
28 4 5 12 c8 e3 6 
28 4 5 6 c8 e3 5 
28 4 5 1 c8 aa 2 
25 5 1 12 c8 e0 6 
25 5 1 6 c8 e0 5 
25 5 1 1 c8 a8 2 
25 5 2 12 c8 e0 6 
25 5 2 6 c8 e0 5 
25 5 2 1 c8 a8 2 
25 5 3 12 c8 e0 6 
25 5 3 6 c8 e0 5 
25 5 3 1 c8 a8 2 
25 5 4 12 c8 e0 6 
25 5 4 6 c8 e0 5 
25 5 4 1 c8 a8 2 
25 5 5 12 c8 e0 6 
25 5 5 6 c8 e0 5 
25 5 5 1 c8 a8 2 
26 5 1 12 c8 e0 6 
26 5 1 6 c8 e0 5 
26 5 1 1 c8 a8 2 
26 5 2 12 c8 e0 6 
26 5 2 6 c8 e0 5 
26 5 2 1 c8 a8 2 
26 5 3 12 c8 e0 6 
26 5 3 6 c8 e0 5 
26 5 3 1 c8 a8 2 
26 5 4 12 c8 e0 6 
26 5 4 6 c8 e0 5 
26 5 4 1 c8 a8 2 
26 5 5 12 c8 e0 6 
26 5 5 6 c8 e0 5 
26 5 5 1 c8 a8 2 
27 5 1 12 c8 e0 6 
27 5 1 6 c8 e0 5 
27 5 1 1 c8 a8 2 
27 5 2 12 c8 e0 6 
27 5 2 6 c8 e0 5 
27 5 2 1 c8 a8 2 
27 5 3 12 c8 e0 6 
27 5 3 6 c8 e0 5 
27 5 3 1 c8 a8 2 
27 5 4 12 c8 e0 6 
27 5 4 6 c8 e0 5 
27 5 4 1 c8 a8 2 
27 5 5 12 c8 e0 6 
27 5 5 6 c8 e0 5 
27 5 5 1 c8 a8 2 
28 5 1 12 c8 e0 6 
28 5 1 6 c8 e0 5 
28 5 1 1 c8 a8 2 
28 5 2 12 c8 e0 6 
28 5 2 6 c8 e0 5 
28 5 2 1 c8 a8 2 
28 5 3 12 c8 e0 6 
28 5 3 6 c8 e0 5 
28 5 3 1 c8 a8 2 
28 5 4 12 c8 e0 6 
28 5 4 6 c8 e0 5 
28 5 4 1 c8 a8 2 
28 5 5 12 c8 e0 6 
28 5 5 6 c8 e0 5 
28 5 5 1 c8 a8 2 
29 1 1 12 c8 dd 6 
29 1 1 6 c8 dd 5 
29 1 1 1 c8 a6 2 
29 1 2 12 c8 dd 6 
29 1 2 6 c8 dd 5 
29 1 2 1 c8 a6 2 
29 1 3 12 c8 dd 6 
29 1 3 6 c8 dd 5 
29 1 3 1 c8 a6 2 
29 1 4 12 c8 dd 6 
29 1 4 6 c8 dd 5 
29 1 4 1 c8 a6 2 
29 1 5 12 c8 dd 6 
29 1 5 6 c8 dd 5 
29 1 5 1 c8 a6 2 
30 1 1 12 c8 dd 6 
30 1 1 6 c8 dd 5 
30 1 1 1 c8 a6 2 
30 1 2 12 c8 dd 6 
30 1 2 6 c8 dd 5 
30 1 2 1 c8 a6 2 
30 1 3 12 c8 dd 6 
30 1 3 6 c8 dd 5 
30 1 3 1 c8 a6 2 
30 1 4 12 c8 dd 6 
30 1 4 6 c8 dd 5 
30 1 4 1 c8 a6 2 
30 1 5 12 c8 dd 6 
30 1 5 6 c8 dd 5 
30 1 5 1 c8 a6 2 
31 1 1 12 c8 dd 6 
31 1 1 6 c8 dd 5 
31 1 1 1 c8 a6 2 
31 1 2 12 c8 dd 6 
31 1 2 6 c8 dd 5 
31 1 2 1 c8 a6 2 
31 1 3 12 c8 dd 6 
31 1 3 6 c8 dd 5 
31 1 3 1 c8 a6 2 
31 1 4 12 c8 dd 6 
31 1 4 6 c8 dd 5 
31 1 4 1 c8 a6 2 
31 1 5 12 c8 dd 6 
31 1 5 6 c8 dd 5 
31 1 5 1 c8 a6 2 
32 1 1 12 c8 dd 6 
32 1 1 6 c8 dd 5 
32 1 1 1 c8 a6 2 
32 1 2 12 c8 dd 6 
32 1 2 6 c8 dd 5 
32 1 2 1 c8 a6 2 
32 1 3 12 c8 dd 6 
32 1 3 6 c8 dd 5 
32 1 3 1 c8 a6 2 
32 1 4 12 c8 dd 6 
32 1 4 6 c8 dd 5 
32 1 4 1 c8 a6 2 
32 1 5 12 c8 dd 6 
32 1 5 6 c8 dd 5 
32 1 5 1 c8 a6 2 
29 2 1 12 c8 db 6 
29 2 1 6 c8 db 5 
29 2 1 1 c8 a4 2 
29 2 2 12 c8 db 6 
29 2 2 6 c8 db 5 
29 2 2 1 c8 a4 2 
29 2 3 12 c8 db 6 
29 2 3 6 c8 db 5 
29 2 3 1 c8 a4 2 
29 2 4 12 c8 db 6 
29 2 4 6 c8 db 5 
29 2 4 1 c8 a4 2 
29 2 5 12 c8 db 6 
29 2 5 6 c8 db 5 
29 2 5 1 c8 a4 2 
30 2 1 12 c8 db 6 
30 2 1 6 c8 db 5 
30 2 1 1 c8 a4 2 
30 2 2 12 c8 db 6 
30 2 2 6 c8 db 5 
30 2 2 1 c8 a4 2 
30 2 3 12 c8 db 6 
30 2 3 6 c8 db 5 
30 2 3 1 c8 a4 2 
30 2 4 12 c8 db 6 
30 2 4 6 c8 db 5 
30 2 4 1 c8 a4 2 
30 2 5 12 c8 db 6 
30 2 5 6 c8 db 5 
30 2 5 1 c8 a4 2 
31 2 1 12 c8 db 6 
31 2 1 6 c8 db 5 
31 2 1 1 c8 a4 2 
31 2 2 12 c8 db 6 
31 2 2 6 c8 db 5 
31 2 2 1 c8 a4 2 
31 2 3 12 c8 db 6 
31 2 3 6 c8 db 5 
31 2 3 1 c8 a4 2 
31 2 4 12 c8 db 6 
31 2 4 6 c8 db 5 
31 2 4 1 c8 a4 2 
31 2 5 12 c8 db 6 
31 2 5 6 c8 db 5 
31 2 5 1 c8 a4 2 
32 2 1 12 c8 db 6 
32 2 1 6 c8 db 5 
32 2 1 1 c8 a4 2 
32 2 2 12 c8 db 6 
32 2 2 6 c8 db 5 
32 2 2 1 c8 a4 2 
32 2 3 12 c8 db 6 
32 2 3 6 c8 db 5 
32 2 3 1 c8 a4 2 
32 2 4 12 c8 db 6 
32 2 4 6 c8 db 5 
32 2 4 1 c8 a4 2 
32 2 5 12 c8 db 6 
32 2 5 6 c8 db 5 
32 2 5 1 c8 a4 2 
29 3 1 12 c8 d8 6 
29 3 1 6 c8 d8 5 
29 3 1 1 c8 a2 2 
29 3 2 12 c8 d8 6 
29 3 2 6 c8 d8 5 
29 3 2 1 c8 a2 2 
29 3 3 12 c8 d8 6 
29 3 3 6 c8 d8 5 
29 3 3 1 c8 a2 2 
29 3 4 12 c8 d8 6 
29 3 4 6 c8 d8 5 
29 3 4 1 c8 a2 2 
29 3 5 12 c8 d8 6 
29 3 5 6 c8 d8 5 
29 3 5 1 c8 a2 2 
30 3 1 12 c8 d8 6 
30 3 1 6 c8 d8 5 
30 3 1 1 c8 a2 2 
30 3 2 12 c8 d8 6 
30 3 2 6 c8 d8 5 
30 3 2 1 c8 a2 2 
30 3 3 12 c8 d8 6 
30 3 3 6 c8 d8 5 
30 3 3 1 c8 a2 2 
30 3 4 12 c8 d8 6 
30 3 4 6 c8 d8 5 
30 3 4 1 c8 a2 2 
30 3 5 12 c8 d8 6 
30 3 5 6 c8 d8 5 
30 3 5 1 c8 a2 2 
31 3 1 12 c8 d8 6 
31 3 1 6 c8 d8 5 
31 3 1 1 c8 a2 2 
31 3 2 12 c8 d8 6 
31 3 2 6 c8 d8 5 
31 3 2 1 c8 a2 2 
31 3 3 12 c8 d8 6 
31 3 3 6 c8 d8 5 
31 3 3 1 c8 a2 2 
31 3 4 12 c8 d8 6 
31 3 4 6 c8 d8 5 
31 3 4 1 c8 a2 2 
31 3 5 12 c8 d8 6 
31 3 5 6 c8 d8 5 
31 3 5 1 c8 a2 2 
32 3 1 12 c8 d8 6 
32 3 1 6 c8 d8 5 
32 3 1 1 c8 a2 2 
32 3 2 12 c8 d8 6 
32 3 2 6 c8 d8 5 
32 3 2 1 c8 a2 2 
32 3 3 12 c8 d8 6 
32 3 3 6 c8 d8 5 
32 3 3 1 c8 a2 2 
32 3 4 12 c8 d8 6 
32 3 4 6 c8 d8 5 
32 3 4 1 c8 a2 2 
32 3 5 12 c8 d8 6 
32 3 5 6 c8 d8 5 
32 3 5 1 c8 a2 2 
29 4 1 12 c8 d5 6 
29 4 1 6 c8 d5 5 
29 4 1 1 c8 a0 2 
29 4 2 12 c8 d5 6 
29 4 2 6 c8 d5 5 
29 4 2 1 c8 a0 2 
29 4 3 12 c8 d5 6 
29 4 3 6 c8 d5 5 
29 4 3 1 c8 a0 2 
29 4 4 12 c8 d5 6 
29 4 4 6 c8 d5 5 
29 4 4 1 c8 a0 2 
29 4 5 12 c8 d5 6 
29 4 5 6 c8 d5 5 
29 4 5 1 c8 a0 2 
30 4 1 12 c8 d5 6 
30 4 1 6 c8 d5 5 
30 4 1 1 c8 a0 2 
30 4 2 12 c8 d5 6 
30 4 2 6 c8 d5 5 
30 4 2 1 c8 a0 2 
30 4 3 12 c8 d5 6 
30 4 3 6 c8 d5 5 
30 4 3 1 c8 a0 2 
30 4 4 12 c8 d5 6 
30 4 4 6 c8 d5 5 
30 4 4 1 c8 a0 2 
30 4 5 12 c8 d5 6 
30 4 5 6 c8 d5 5 
30 4 5 1 c8 a0 2 
31 4 1 12 c8 d5 6 
31 4 1 6 c8 d5 5 
31 4 1 1 c8 a0 2 
31 4 2 12 c8 d5 6 
31 4 2 6 c8 d5 5 
31 4 2 1 c8 a0 2 
31 4 3 12 c8 d5 6 
31 4 3 6 c8 d5 5 
31 4 3 1 c8 a0 2 
31 4 4 12 c8 d5 6 
31 4 4 6 c8 d5 5 
31 4 4 1 c8 a0 2 
31 4 5 12 c8 d5 6 
31 4 5 6 c8 d5 5 
31 4 5 1 c8 a0 2 
32 4 1 12 c8 d5 6 
32 4 1 6 c8 d5 5 
32 4 1 1 c8 a0 2 
32 4 2 12 c8 d5 6 
32 4 2 6 c8 d5 5 
32 4 2 1 c8 a0 2 
32 4 3 12 c8 d5 6 
32 4 3 6 c8 d5 5 
32 4 3 1 c8 a0 2 
32 4 4 12 c8 d5 6 
32 4 4 6 c8 d5 5 
32 4 4 1 c8 a0 2 
32 4 5 12 c8 d5 6 
32 4 5 6 c8 d5 5 
32 4 5 1 c8 a0 2 
29 5 1 12 c8 d2 6 
29 5 1 6 c8 d2 5 
29 5 1 1 c8 9d 2 
29 5 2 12 c8 d2 6 
29 5 2 6 c8 d2 5 
29 5 2 1 c8 9d 2 
29 5 3 12 c8 d2 6 
29 5 3 6 c8 d2 5 
29 5 3 1 c8 9d 2 
29 5 4 12 c8 d2 6 
29 5 4 6 c8 d2 5 
29 5 4 1 c8 9d 2 
29 5 5 12 c8 d2 6 
29 5 5 6 c8 d2 5 
29 5 5 1 c8 9d 2 
30 5 1 12 c8 d2 6 
30 5 1 6 c8 d2 5 
30 5 1 1 c8 9d 2 
30 5 2 12 c8 d2 6 
30 5 2 6 c8 d2 5 
30 5 2 1 c8 9d 2 
30 5 3 12 c8 d2 6 
30 5 3 6 c8 d2 5 
30 5 3 1 c8 9d 2 
30 5 4 12 c8 d2 6 
30 5 4 6 c8 d2 5 
30 5 4 1 c8 9d 2 
30 5 5 12 c8 d2 6 
30 5 5 6 c8 d2 5 
30 5 5 1 c8 9d 2 
31 5 1 12 c8 d2 6 
31 5 1 6 c8 d2 5 
31 5 1 1 c8 9d 2 
31 5 2 12 c8 d2 6 
31 5 2 6 c8 d2 5 
31 5 2 1 c8 9d 2 
31 5 3 12 c8 d2 6 
31 5 3 6 c8 d2 5 
31 5 3 1 c8 9d 2 
31 5 4 12 c8 d2 6 
31 5 4 6 c8 d2 5 
31 5 4 1 c8 9d 2 
31 5 5 12 c8 d2 6 
31 5 5 6 c8 d2 5 
31 5 5 1 c8 9d 2 
32 5 1 12 c8 d2 6 
32 5 1 6 c8 d2 5 
32 5 1 1 c8 9d 2 
32 5 2 12 c8 d2 6 
32 5 2 6 c8 d2 5 
32 5 2 1 c8 9d 2 
32 5 3 12 c8 d2 6 
32 5 3 6 c8 d2 5 
32 5 3 1 c8 9d 2 
32 5 4 12 c8 d2 6 
32 5 4 6 c8 d2 5 
32 5 4 1 c8 9d 2 
32 5 5 12 c8 d2 6 
32 5 5 6 c8 d2 5 
32 5 5 1 c8 9d 2 
33 1 1 12 c8 cf 6 
33 1 1 6 c8 cf 5 
33 1 1 1 c8 9b 2 
33 1 2 12 c8 cf 6 
33 1 2 6 c8 cf 5 
33 1 2 1 c8 9b 2 
33 1 3 12 c8 cf 6 
33 1 3 6 c8 cf 5 
33 1 3 1 c8 9b 2 
33 1 4 12 c8 cf 6 
33 1 4 6 c8 cf 5 
33 1 4 1 c8 9b 2 
33 1 5 12 c8 cf 6 
33 1 5 6 c8 cf 5 
33 1 5 1 c8 9b 2 
34 1 1 12 c8 cf 6 
34 1 1 6 c8 cf 5 
34 1 1 1 c8 9b 2 
34 1 2 12 c8 cf 6 
34 1 2 6 c8 cf 5 
34 1 2 1 c8 9b 2 
34 1 3 12 c8 cf 6 
34 1 3 6 c8 cf 5 
34 1 3 1 c8 9b 2 
34 1 4 12 c8 cf 6 
34 1 4 6 c8 cf 5 
34 1 4 1 c8 9b 2 
34 1 5 12 c8 cf 6 
34 1 5 6 c8 cf 5 
34 1 5 1 c8 9b 2 
35 1 1 12 c8 cf 6 
35 1 1 6 c8 cf 5 
35 1 1 1 c8 9b 2 
35 1 2 12 c8 cf 6 
35 1 2 6 c8 cf 5 
35 1 2 1 c8 9b 2 
35 1 3 12 c8 cf 6 
35 1 3 6 c8 cf 5 
35 1 3 1 c8 9b 2 
35 1 4 12 c8 cf 6 
35 1 4 6 c8 cf 5 
35 1 4 1 c8 9b 2 
35 1 5 12 c8 cf 6 
35 1 5 6 c8 cf 5 
35 1 5 1 c8 9b 2 
36 1 1 12 c8 cf 6 
36 1 1 6 c8 cf 5 
36 1 1 1 c8 9b 2 
36 1 2 12 c8 cf 6 
36 1 2 6 c8 cf 5 
36 1 2 1 c8 9b 2 
36 1 3 12 c8 cf 6 
36 1 3 6 c8 cf 5 
36 1 3 1 c8 9b 2 
36 1 4 12 c8 cf 6 
36 1 4 6 c8 cf 5 
36 1 4 1 c8 9b 2 
36 1 5 12 c8 cf 6 
36 1 5 6 c8 cf 5 
36 1 5 1 c8 9b 2 
33 2 1 12 c8 cc 6 
33 2 1 6 c8 cc 5 
33 2 1 1 c8 99 2 
33 2 2 12 c8 cc 6 
33 2 2 6 c8 cc 5 
33 2 2 1 c8 99 2 
33 2 3 12 c8 cc 6 
33 2 3 6 c8 cc 5 
33 2 3 1 c8 99 2 
33 2 4 12 c8 cc 6 
33 2 4 6 c8 cc 5 
33 2 4 1 c8 99 2 
33 2 5 12 c8 cc 6 
33 2 5 6 c8 cc 5 
33 2 5 1 c8 99 2 
34 2 1 12 c8 cc 6 
34 2 1 6 c8 cc 5 
34 2 1 1 c8 99 2 
34 2 2 12 c8 cc 6 
34 2 2 6 c8 cc 5 
34 2 2 1 c8 99 2 
34 2 3 12 c8 cc 6 
34 2 3 6 c8 cc 5 
34 2 3 1 c8 99 2 
34 2 4 12 c8 cc 6 
34 2 4 6 c8 cc 5 
34 2 4 1 c8 99 2 
34 2 5 12 c8 cc 6 
34 2 5 6 c8 cc 5 
34 2 5 1 c8 99 2 
35 2 1 12 c8 cc 6 
35 2 1 6 c8 cc 5 
35 2 1 1 c8 99 2 
35 2 2 12 c8 cc 6 
35 2 2 6 c8 cc 5 
35 2 2 1 c8 99 2 
35 2 3 12 c8 cc 6 
35 2 3 6 c8 cc 5 
35 2 3 1 c8 99 2 
35 2 4 12 c8 cc 6 
35 2 4 6 c8 cc 5 
35 2 4 1 c8 99 2 
35 2 5 12 c8 cc 6 
35 2 5 6 c8 cc 5 
35 2 5 1 c8 99 2 
36 2 1 12 c8 cc 6 
36 2 1 6 c8 cc 5 
36 2 1 1 c8 99 2 
36 2 2 12 c8 cc 6 
36 2 2 6 c8 cc 5 
36 2 2 1 c8 99 2 
36 2 3 12 c8 cc 6 
36 2 3 6 c8 cc 5 
36 2 3 1 c8 99 2 
36 2 4 12 c8 cc 6 
36 2 4 6 c8 cc 5 
36 2 4 1 c8 99 2 
36 2 5 12 c8 cc 6 
36 2 5 6 c8 cc 5 
36 2 5 1 c8 99 2 
33 3 1 12 c8 c9 6 
33 3 1 6 c8 c9 5 
33 3 1 1 c8 96 2 
33 3 2 12 c8 c9 6 
33 3 2 6 c8 c9 5 
33 3 2 1 c8 96 2 
33 3 3 12 c8 c9 6 
33 3 3 6 c8 c9 5 
33 3 3 1 c8 96 2 
33 3 4 12 c8 c9 6 
33 3 4 6 c8 c9 5 
33 3 4 1 c8 96 2 
33 3 5 12 c8 c9 6 
33 3 5 6 c8 c9 5 
33 3 5 1 c8 96 2 
34 3 1 12 c8 c9 6 
34 3 1 6 c8 c9 5 
34 3 1 1 c8 96 2 
34 3 2 12 c8 c9 6 
34 3 2 6 c8 c9 5 
34 3 2 1 c8 96 2 
34 3 3 12 c8 c9 6 
34 3 3 6 c8 c9 5 
34 3 3 1 c8 96 2 
34 3 4 12 c8 c9 6 
34 3 4 6 c8 c9 5 
34 3 4 1 c8 96 2 
34 3 5 12 c8 c9 6 
34 3 5 6 c8 c9 5 
34 3 5 1 c8 96 2 
35 3 1 12 c8 c9 6 
35 3 1 6 c8 c9 5 
35 3 1 1 c8 96 2 
35 3 2 12 c8 c9 6 
35 3 2 6 c8 c9 5 
35 3 2 1 c8 96 2 
35 3 3 12 c8 c9 6 
35 3 3 6 c8 c9 5 
35 3 3 1 c8 96 2 
35 3 4 12 c8 c9 6 
35 3 4 6 c8 c9 5 
35 3 4 1 c8 96 2 
35 3 5 12 c8 c9 6 
35 3 5 6 c8 c9 5 
35 3 5 1 c8 96 2 
36 3 1 12 c8 c9 6 
36 3 1 6 c8 c9 5 
36 3 1 1 c8 96 2 
36 3 2 12 c8 c9 6 
36 3 2 6 c8 c9 5 
36 3 2 1 c8 96 2 
36 3 3 12 c8 c9 6 
36 3 3 6 c8 c9 5 
36 3 3 1 c8 96 2 
36 3 4 12 c8 c9 6 
36 3 4 6 c8 c9 5 
36 3 4 1 c8 96 2 
36 3 5 12 c8 c9 6 
36 3 5 6 c8 c9 5 
36 3 5 1 c8 96 2 
33 4 1 12 c8 c5 6 
33 4 1 6 c8 c5 5 
33 4 1 1 c8 94 2 
33 4 2 12 c8 c5 6 
33 4 2 6 c8 c5 5 
33 4 2 1 c8 94 2 
33 4 3 12 c8 c5 6 
33 4 3 6 c8 c5 5 
33 4 3 1 c8 94 2 
33 4 4 12 c8 c5 6 
33 4 4 6 c8 c5 5 
33 4 4 1 c8 94 2 
33 4 5 12 c8 c5 6 
33 4 5 6 c8 c5 5 
33 4 5 1 c8 94 2 
34 4 1 12 c8 c5 6 
34 4 1 6 c8 c5 5 
34 4 1 1 c8 94 2 
34 4 2 12 c8 c5 6 
34 4 2 6 c8 c5 5 
34 4 2 1 c8 94 2 
34 4 3 12 c8 c5 6 
34 4 3 6 c8 c5 5 
34 4 3 1 c8 94 2 
34 4 4 12 c8 c5 6 
34 4 4 6 c8 c5 5 
34 4 4 1 c8 94 2 
34 4 5 12 c8 c5 6 
34 4 5 6 c8 c5 5 
34 4 5 1 c8 94 2 
35 4 1 12 c8 c5 6 
35 4 1 6 c8 c5 5 
35 4 1 1 c8 94 2 
35 4 2 12 c8 c5 6 
35 4 2 6 c8 c5 5 
35 4 2 1 c8 94 2 
35 4 3 12 c8 c5 6 
35 4 3 6 c8 c5 5 
35 4 3 1 c8 94 2 
35 4 4 12 c8 c5 6 
35 4 4 6 c8 c5 5 
35 4 4 1 c8 94 2 
35 4 5 12 c8 c5 6 
35 4 5 6 c8 c5 5 
35 4 5 1 c8 94 2 
36 4 1 12 c8 c5 6 
36 4 1 6 c8 c5 5 
36 4 1 1 c8 94 2 
36 4 2 12 c8 c5 6 
36 4 2 6 c8 c5 5 
36 4 2 1 c8 94 2 
36 4 3 12 c8 c5 6 
36 4 3 6 c8 c5 5 
36 4 3 1 c8 94 2 
36 4 4 12 c8 c5 6 
36 4 4 6 c8 c5 5 
36 4 4 1 c8 94 2 
36 4 5 12 c8 c5 6 
36 4 5 6 c8 c5 5 
36 4 5 1 c8 94 2 
33 5 1 12 c8 c2 6 
33 5 1 6 c8 c2 5 
33 5 1 1 c8 92 2 
33 5 2 12 c8 c2 6 
33 5 2 6 c8 c2 5 
33 5 2 1 c8 92 2 
33 5 3 12 c8 c2 6 
33 5 3 6 c8 c2 5 
33 5 3 1 c8 92 2 
33 5 4 12 c8 c2 6 
33 5 4 6 c8 c2 5 
33 5 4 1 c8 92 2 
33 5 5 12 c8 c2 6 
33 5 5 6 c8 c2 5 
33 5 5 1 c8 92 2 
34 5 1 12 c8 c2 6 
34 5 1 6 c8 c2 5 
34 5 1 1 c8 92 2 
34 5 2 12 c8 c2 6 
34 5 2 6 c8 c2 5 
34 5 2 1 c8 92 2 
34 5 3 12 c8 c2 6 
34 5 3 6 c8 c2 5 
34 5 3 1 c8 92 2 
34 5 4 12 c8 c2 6 
34 5 4 6 c8 c2 5 
34 5 4 1 c8 92 2 
34 5 5 12 c8 c2 6 
34 5 5 6 c8 c2 5 
34 5 5 1 c8 92 2 
35 5 1 12 c8 c2 6 
35 5 1 6 c8 c2 5 
35 5 1 1 c8 92 2 
35 5 2 12 c8 c2 6 
35 5 2 6 c8 c2 5 
35 5 2 1 c8 92 2 
35 5 3 12 c8 c2 6 
35 5 3 6 c8 c2 5 
35 5 3 1 c8 92 2 
35 5 4 12 c8 c2 6 
35 5 4 6 c8 c2 5 
35 5 4 1 c8 92 2 
35 5 5 12 c8 c2 6 
35 5 5 6 c8 c2 5 
35 5 5 1 c8 92 2 
36 5 1 12 c8 c2 6 
36 5 1 6 c8 c2 5 
36 5 1 1 c8 92 2 
36 5 2 12 c8 c2 6 
36 5 2 6 c8 c2 5 
36 5 2 1 c8 92 2 
36 5 3 12 c8 c2 6 
36 5 3 6 c8 c2 5 
36 5 3 1 c8 92 2 
36 5 4 12 c8 c2 6 
36 5 4 6 c8 c2 5 
36 5 4 1 c8 92 2 
36 5 5 12 c8 c2 6 
36 5 5 6 c8 c2 5 
36 5 5 1 c8 92 2 
37 1 1 12 c8 bf 6 
37 1 1 6 c8 bf 5 
37 1 1 1 c8 8f 2 
37 1 2 12 c8 bf 6 
37 1 2 6 c8 bf 5 
37 1 2 1 c8 8f 2 
37 1 3 12 c8 bf 6 
37 1 3 6 c8 bf 5 
37 1 3 1 c8 8f 2 
37 1 4 12 c8 bf 6 
37 1 4 6 c8 bf 5 
37 1 4 1 c8 8f 2 
37 1 5 12 c8 bf 6 
37 1 5 6 c8 bf 5 
37 1 5 1 c8 8f 2 
38 1 1 12 c8 bf 6 
38 1 1 6 c8 bf 5 
38 1 1 1 c8 8f 2 
38 1 2 12 c8 bf 6 
38 1 2 6 c8 bf 5 
38 1 2 1 c8 8f 2 
38 1 3 12 c8 bf 6 
38 1 3 6 c8 bf 5 
38 1 3 1 c8 8f 2 
38 1 4 12 c8 bf 6 
38 1 4 6 c8 bf 5 
38 1 4 1 c8 8f 2 
38 1 5 12 c8 bf 6 
38 1 5 6 c8 bf 5 
38 1 5 1 c8 8f 2 
39 1 1 12 c8 bf 6 
39 1 1 6 c8 bf 5 
39 1 1 1 c8 8f 2 
39 1 2 12 c8 bf 6 
39 1 2 6 c8 bf 5 
39 1 2 1 c8 8f 2 
39 1 3 12 c8 bf 6 
39 1 3 6 c8 bf 5 
39 1 3 1 c8 8f 2 
39 1 4 12 c8 bf 6 
39 1 4 6 c8 bf 5 
39 1 4 1 c8 8f 2 
39 1 5 12 c8 bf 6 
39 1 5 6 c8 bf 5 
39 1 5 1 c8 8f 2 
40 1 1 12 c8 bf 6 
40 1 1 6 c8 bf 5 
40 1 1 1 c8 8f 2 
40 1 2 12 c8 bf 6 
40 1 2 6 c8 bf 5 
40 1 2 1 c8 8f 2 
40 1 3 12 c8 bf 6 
40 1 3 6 c8 bf 5 
40 1 3 1 c8 8f 2 
40 1 4 12 c8 bf 6 
40 1 4 6 c8 bf 5 
40 1 4 1 c8 8f 2 
40 1 5 12 c8 bf 6 
40 1 5 6 c8 bf 5 
40 1 5 1 c8 8f 2 
37 2 1 12 c8 bb 6 
37 2 1 6 c8 bb 5 
37 2 1 1 c8 8c 2 
37 2 2 12 c8 bb 6 
37 2 2 6 c8 bb 5 
37 2 2 1 c8 8c 2 
37 2 3 12 c8 bb 6 
37 2 3 6 c8 bb 5 
37 2 3 1 c8 8c 2 
37 2 4 12 c8 bb 6 
37 2 4 6 c8 bb 5 
37 2 4 1 c8 8c 2 
37 2 5 12 c8 bb 6 
37 2 5 6 c8 bb 5 
37 2 5 1 c8 8c 2 
38 2 1 12 c8 bb 6 
38 2 1 6 c8 bb 5 
38 2 1 1 c8 8c 2 
38 2 2 12 c8 bb 6 
38 2 2 6 c8 bb 5 
38 2 2 1 c8 8c 2 
38 2 3 12 c8 bb 6 
38 2 3 6 c8 bb 5 
38 2 3 1 c8 8c 2 
38 2 4 12 c8 bb 6 
38 2 4 6 c8 bb 5 
38 2 4 1 c8 8c 2 
38 2 5 12 c8 bb 6 
38 2 5 6 c8 bb 5 
38 2 5 1 c8 8c 2 
39 2 1 12 c8 bb 6 
39 2 1 6 c8 bb 5 
39 2 1 1 c8 8c 2 
39 2 2 12 c8 bb 6 
39 2 2 6 c8 bb 5 
39 2 2 1 c8 8c 2 
39 2 3 12 c8 bb 6 
39 2 3 6 c8 bb 5 
39 2 3 1 c8 8c 2 
39 2 4 12 c8 bb 6 
39 2 4 6 c8 bb 5 
39 2 4 1 c8 8c 2 
39 2 5 12 c8 bb 6 
39 2 5 6 c8 bb 5 
39 2 5 1 c8 8c 2 
40 2 1 12 c8 bb 6 
40 2 1 6 c8 bb 5 
40 2 1 1 c8 8c 2 
40 2 2 12 c8 bb 6 
40 2 2 6 c8 bb 5 
40 2 2 1 c8 8c 2 
40 2 3 12 c8 bb 6 
40 2 3 6 c8 bb 5 
40 2 3 1 c8 8c 2 
40 2 4 12 c8 bb 6 
40 2 4 6 c8 bb 5 
40 2 4 1 c8 8c 2 
40 2 5 12 c8 bb 6 
40 2 5 6 c8 bb 5 
40 2 5 1 c8 8c 2 
37 3 1 12 c8 b8 6 
37 3 1 6 c8 b8 5 
37 3 1 1 c8 8a 2 
37 3 2 12 c8 b8 6 
37 3 2 6 c8 b8 5 
37 3 2 1 c8 8a 2 
37 3 3 12 c8 b8 6 
37 3 3 6 c8 b8 5 
37 3 3 1 c8 8a 2 
37 3 4 12 c8 b8 6 
37 3 4 6 c8 b8 5 
37 3 4 1 c8 8a 2 
37 3 5 12 c8 b8 6 
37 3 5 6 c8 b8 5 
37 3 5 1 c8 8a 2 
38 3 1 12 c8 b8 6 
38 3 1 6 c8 b8 5 
38 3 1 1 c8 8a 2 
38 3 2 12 c8 b8 6 
38 3 2 6 c8 b8 5 
38 3 2 1 c8 8a 2 
38 3 3 12 c8 b8 6 
38 3 3 6 c8 b8 5 
38 3 3 1 c8 8a 2 
38 3 4 12 c8 b8 6 
38 3 4 6 c8 b8 5 
38 3 4 1 c8 8a 2 
38 3 5 12 c8 b8 6 
38 3 5 6 c8 b8 5 
38 3 5 1 c8 8a 2 
39 3 1 12 c8 b8 6 
39 3 1 6 c8 b8 5 
39 3 1 1 c8 8a 2 
39 3 2 12 c8 b8 6 
39 3 2 6 c8 b8 5 
39 3 2 1 c8 8a 2 
39 3 3 12 c8 b8 6 
39 3 3 6 c8 b8 5 
39 3 3 1 c8 8a 2 
39 3 4 12 c8 b8 6 
39 3 4 6 c8 b8 5 
39 3 4 1 c8 8a 2 
39 3 5 12 c8 b8 6 
39 3 5 6 c8 b8 5 
39 3 5 1 c8 8a 2 
40 3 1 12 c8 b8 6 
40 3 1 6 c8 b8 5 
40 3 1 1 c8 8a 2 
40 3 2 12 c8 b8 6 
40 3 2 6 c8 b8 5 
40 3 2 1 c8 8a 2 
40 3 3 12 c8 b8 6 
40 3 3 6 c8 b8 5 
40 3 3 1 c8 8a 2 
40 3 4 12 c8 b8 6 
40 3 4 6 c8 b8 5 
40 3 4 1 c8 8a 2 
40 3 5 12 c8 b8 6 
40 3 5 6 c8 b8 5 
40 3 5 1 c8 8a 2 
37 4 1 12 c8 b4 6 
37 4 1 6 c8 b4 5 
37 4 1 1 c8 87 2 
37 4 2 12 c8 b4 6 
37 4 2 6 c8 b4 5 
37 4 2 1 c8 87 2 
37 4 3 12 c8 b4 6 
37 4 3 6 c8 b4 5 
37 4 3 1 c8 87 2 
37 4 4 12 c8 b4 6 
37 4 4 6 c8 b4 5 
37 4 4 1 c8 87 2 
37 4 5 12 c8 b4 6 
37 4 5 6 c8 b4 5 
37 4 5 1 c8 87 2 
38 4 1 12 c8 b4 6 
38 4 1 6 c8 b4 5 
38 4 1 1 c8 87 2 
38 4 2 12 c8 b4 6 
38 4 2 6 c8 b4 5 
38 4 2 1 c8 87 2 
38 4 3 12 c8 b4 6 
38 4 3 6 c8 b4 5 
38 4 3 1 c8 87 2 
38 4 4 12 c8 b4 6 
38 4 4 6 c8 b4 5 
38 4 4 1 c8 87 2 
38 4 5 12 c8 b4 6 
38 4 5 6 c8 b4 5 
38 4 5 1 c8 87 2 
39 4 1 12 c8 b4 6 
39 4 1 6 c8 b4 5 
39 4 1 1 c8 87 2 
39 4 2 12 c8 b4 6 
39 4 2 6 c8 b4 5 
39 4 2 1 c8 87 2 
39 4 3 12 c8 b4 6 
39 4 3 6 c8 b4 5 
39 4 3 1 c8 87 2 
39 4 4 12 c8 b4 6 
39 4 4 6 c8 b4 5 
39 4 4 1 c8 87 2 
39 4 5 12 c8 b4 6 
39 4 5 6 c8 b4 5 
39 4 5 1 c8 87 2 
40 4 1 12 c8 b4 6 
40 4 1 6 c8 b4 5 
40 4 1 1 c8 87 2 
40 4 2 12 c8 b4 6 
40 4 2 6 c8 b4 5 
40 4 2 1 c8 87 2 
40 4 3 12 c8 b4 6 
40 4 3 6 c8 b4 5 
40 4 3 1 c8 87 2 
40 4 4 12 c8 b4 6 
40 4 4 6 c8 b4 5 
40 4 4 1 c8 87 2 
40 4 5 12 c8 b4 6 
40 4 5 6 c8 b4 5 
40 4 5 1 c8 87 2 
37 5 1 12 c8 b1 6 
37 5 1 6 c8 b1 5 
37 5 1 1 c8 84 2 
37 5 2 12 c8 b1 6 
37 5 2 6 c8 b1 5 
37 5 2 1 c8 84 2 
37 5 3 12 c8 b1 6 
37 5 3 6 c8 b1 5 
37 5 3 1 c8 84 2 
37 5 4 12 c8 b1 6 
37 5 4 6 c8 b1 5 
37 5 4 1 c8 84 2 
37 5 5 12 c8 b1 6 
37 5 5 6 c8 b1 5 
37 5 5 1 c8 84 2 
38 5 1 12 c8 b1 6 
38 5 1 6 c8 b1 5 
38 5 1 1 c8 84 2 
38 5 2 12 c8 b1 6 
38 5 2 6 c8 b1 5 
38 5 2 1 c8 84 2 
38 5 3 12 c8 b1 6 
38 5 3 6 c8 b1 5 
38 5 3 1 c8 84 2 
38 5 4 12 c8 b1 6 
38 5 4 6 c8 b1 5 
38 5 4 1 c8 84 2 
38 5 5 12 c8 b1 6 
38 5 5 6 c8 b1 5 
38 5 5 1 c8 84 2 
39 5 1 12 c8 b1 6 
39 5 1 6 c8 b1 5 
39 5 1 1 c8 84 2 
39 5 2 12 c8 b1 6 
39 5 2 6 c8 b1 5 
39 5 2 1 c8 84 2 
39 5 3 12 c8 b1 6 
39 5 3 6 c8 b1 5 
39 5 3 1 c8 84 2 
39 5 4 12 c8 b1 6 
39 5 4 6 c8 b1 5 
39 5 4 1 c8 84 2 
39 5 5 12 c8 b1 6 
39 5 5 6 c8 b1 5 
39 5 5 1 c8 84 2 
40 5 1 12 c8 b1 6 
40 5 1 6 c8 b1 5 
40 5 1 1 c8 84 2 
40 5 2 12 c8 b1 6 
40 5 2 6 c8 b1 5 
40 5 2 1 c8 84 2 
40 5 3 12 c8 b1 6 
40 5 3 6 c8 b1 5 
40 5 3 1 c8 84 2 
40 5 4 12 c8 b1 6 
40 5 4 6 c8 b1 5 
40 5 4 1 c8 84 2 
40 5 5 12 c8 b1 6 
40 5 5 6 c8 b1 5 
40 5 5 1 c8 84 2 
41 1 1 12 c8 ad 6 
41 1 1 6 c8 ad 5 
41 1 1 1 c8 82 2 
41 1 2 12 c8 ad 6 
41 1 2 6 c8 ad 5 
41 1 2 1 c8 82 2 
41 1 3 12 c8 ad 6 
41 1 3 6 c8 ad 5 
41 1 3 1 c8 82 2 
41 1 4 12 c8 ad 6 
41 1 4 6 c8 ad 5 
41 1 4 1 c8 82 2 
41 1 5 12 c8 ad 6 
41 1 5 6 c8 ad 5 
41 1 5 1 c8 82 2 
42 1 1 12 c8 ad 6 
42 1 1 6 c8 ad 5 
42 1 1 1 c8 82 2 
42 1 2 12 c8 ad 6 
42 1 2 6 c8 ad 5 
42 1 2 1 c8 82 2 
42 1 3 12 c8 ad 6 
42 1 3 6 c8 ad 5 
42 1 3 1 c8 82 2 
42 1 4 12 c8 ad 6 
42 1 4 6 c8 ad 5 
42 1 4 1 c8 82 2 
42 1 5 12 c8 ad 6 
42 1 5 6 c8 ad 5 
42 1 5 1 c8 82 2 
43 1 1 12 c8 ad 6 
43 1 1 6 c8 ad 5 
43 1 1 1 c8 82 2 
43 1 2 12 c8 ad 6 
43 1 2 6 c8 ad 5 
43 1 2 1 c8 82 2 
43 1 3 12 c8 ad 6 
43 1 3 6 c8 ad 5 
43 1 3 1 c8 82 2 
43 1 4 12 c8 ad 6 
43 1 4 6 c8 ad 5 
43 1 4 1 c8 82 2 
43 1 5 12 c8 ad 6 
43 1 5 6 c8 ad 5 
43 1 5 1 c8 82 2 
44 1 1 12 c8 ad 6 
44 1 1 6 c8 ad 5 
44 1 1 1 c8 82 2 
44 1 2 12 c8 ad 6 
44 1 2 6 c8 ad 5 
44 1 2 1 c8 82 2 
44 1 3 12 c8 ad 6 
44 1 3 6 c8 ad 5 
44 1 3 1 c8 82 2 
44 1 4 12 c8 ad 6 
44 1 4 6 c8 ad 5 
44 1 4 1 c8 82 2 
44 1 5 12 c8 ad 6 
44 1 5 6 c8 ad 5 
44 1 5 1 c8 82 2 
41 2 1 12 c8 a9 6 
41 2 1 6 c8 a9 5 
41 2 1 1 c8 fe 3 
41 2 2 12 c8 a9 6 
41 2 2 6 c8 a9 5 
41 2 2 1 c8 fe 3 
41 2 3 12 c8 a9 6 
41 2 3 6 c8 a9 5 
41 2 3 1 c8 fe 3 
41 2 4 12 c8 a9 6 
41 2 4 6 c8 a9 5 
41 2 4 1 c8 fe 3 
41 2 5 12 c8 a9 6 
41 2 5 6 c8 a9 5 
41 2 5 1 c8 fe 3 
42 2 1 12 c8 a9 6 
42 2 1 6 c8 a9 5 
42 2 1 1 c8 fe 3 
42 2 2 12 c8 a9 6 
42 2 2 6 c8 a9 5 
42 2 2 1 c8 fe 3 
42 2 3 12 c8 a9 6 
42 2 3 6 c8 a9 5 
42 2 3 1 c8 fe 3 
42 2 4 12 c8 a9 6 
42 2 4 6 c8 a9 5 
42 2 4 1 c8 fe 3 
42 2 5 12 c8 a9 6 
42 2 5 6 c8 a9 5 
42 2 5 1 c8 fe 3 
43 2 1 12 c8 a9 6 
43 2 1 6 c8 a9 5 
43 2 1 1 c8 fe 3 
43 2 2 12 c8 a9 6 
43 2 2 6 c8 a9 5 
43 2 2 1 c8 fe 3 
43 2 3 12 c8 a9 6 
43 2 3 6 c8 a9 5 
43 2 3 1 c8 fe 3 
43 2 4 12 c8 a9 6 
43 2 4 6 c8 a9 5 
43 2 4 1 c8 fe 3 
43 2 5 12 c8 a9 6 
43 2 5 6 c8 a9 5 
43 2 5 1 c8 fe 3 
44 2 1 12 c8 a9 6 
44 2 1 6 c8 a9 5 
44 2 1 1 c8 fe 3 
44 2 2 12 c8 a9 6 
44 2 2 6 c8 a9 5 
44 2 2 1 c8 fe 3 
44 2 3 12 c8 a9 6 
44 2 3 6 c8 a9 5 
44 2 3 1 c8 fe 3 
44 2 4 12 c8 a9 6 
44 2 4 6 c8 a9 5 
44 2 4 1 c8 fe 3 
44 2 5 12 c8 a9 6 
44 2 5 6 c8 a9 5 
44 2 5 1 c8 fe 3 
41 3 1 12 c8 a6 6 
41 3 1 6 c8 a6 5 
41 3 1 1 c8 f8 3 
41 3 2 12 c8 a6 6 
41 3 2 6 c8 a6 5 
41 3 2 1 c8 f8 3 
41 3 3 12 c8 a6 6 
41 3 3 6 c8 a6 5 
41 3 3 1 c8 f8 3 
41 3 4 12 c8 a6 6 
41 3 4 6 c8 a6 5 
41 3 4 1 c8 f8 3 
41 3 5 12 c8 a6 6 
41 3 5 6 c8 a6 5 
41 3 5 1 c8 f8 3 
42 3 1 12 c8 a6 6 
42 3 1 6 c8 a6 5 
42 3 1 1 c8 f8 3 
42 3 2 12 c8 a6 6 
42 3 2 6 c8 a6 5 
42 3 2 1 c8 f8 3 
42 3 3 12 c8 a6 6 
42 3 3 6 c8 a6 5 
42 3 3 1 c8 f8 3 
42 3 4 12 c8 a6 6 
42 3 4 6 c8 a6 5 
42 3 4 1 c8 f8 3 
42 3 5 12 c8 a6 6 
42 3 5 6 c8 a6 5 
42 3 5 1 c8 f8 3 
43 3 1 12 c8 a6 6 
43 3 1 6 c8 a6 5 
43 3 1 1 c8 f8 3 
43 3 2 12 c8 a6 6 
43 3 2 6 c8 a6 5 
43 3 2 1 c8 f8 3 
43 3 3 12 c8 a6 6 
43 3 3 6 c8 a6 5 
43 3 3 1 c8 f8 3 
43 3 4 12 c8 a6 6 
43 3 4 6 c8 a6 5 
43 3 4 1 c8 f8 3 
43 3 5 12 c8 a6 6 
43 3 5 6 c8 a6 5 
43 3 5 1 c8 f8 3 
44 3 1 12 c8 a6 6 
44 3 1 6 c8 a6 5 
44 3 1 1 c8 f8 3 
44 3 2 12 c8 a6 6 
44 3 2 6 c8 a6 5 
44 3 2 1 c8 f8 3 
44 3 3 12 c8 a6 6 
44 3 3 6 c8 a6 5 
44 3 3 1 c8 f8 3 
44 3 4 12 c8 a6 6 
44 3 4 6 c8 a6 5 
44 3 4 1 c8 f8 3 
44 3 5 12 c8 a6 6 
44 3 5 6 c8 a6 5 
44 3 5 1 c8 f8 3 
41 4 1 12 c8 a2 6 
41 4 1 6 c8 a2 5 
41 4 1 1 c8 f3 3 
41 4 2 12 c8 a2 6 
41 4 2 6 c8 a2 5 
41 4 2 1 c8 f3 3 
41 4 3 12 c8 a2 6 
41 4 3 6 c8 a2 5 
41 4 3 1 c8 f3 3 
41 4 4 12 c8 a2 6 
41 4 4 6 c8 a2 5 
41 4 4 1 c8 f3 3 
41 4 5 12 c8 a2 6 
41 4 5 6 c8 a2 5 
41 4 5 1 c8 f3 3 
42 4 1 12 c8 a2 6 
42 4 1 6 c8 a2 5 
42 4 1 1 c8 f3 3 
42 4 2 12 c8 a2 6 
42 4 2 6 c8 a2 5 
42 4 2 1 c8 f3 3 
42 4 3 12 c8 a2 6 
42 4 3 6 c8 a2 5 
42 4 3 1 c8 f3 3 
42 4 4 12 c8 a2 6 
42 4 4 6 c8 a2 5 
42 4 4 1 c8 f3 3 
42 4 5 12 c8 a2 6 
42 4 5 6 c8 a2 5 
42 4 5 1 c8 f3 3 
43 4 1 12 c8 a2 6 
43 4 1 6 c8 a2 5 
43 4 1 1 c8 f3 3 
43 4 2 12 c8 a2 6 
43 4 2 6 c8 a2 5 
43 4 2 1 c8 f3 3 
43 4 3 12 c8 a2 6 
43 4 3 6 c8 a2 5 
43 4 3 1 c8 f3 3 
43 4 4 12 c8 a2 6 
43 4 4 6 c8 a2 5 
43 4 4 1 c8 f3 3 
43 4 5 12 c8 a2 6 
43 4 5 6 c8 a2 5 
43 4 5 1 c8 f3 3 
44 4 1 12 c8 a2 6 
44 4 1 6 c8 a2 5 
44 4 1 1 c8 f3 3 
44 4 2 12 c8 a2 6 
44 4 2 6 c8 a2 5 
44 4 2 1 c8 f3 3 
44 4 3 12 c8 a2 6 
44 4 3 6 c8 a2 5 
44 4 3 1 c8 f3 3 
44 4 4 12 c8 a2 6 
44 4 4 6 c8 a2 5 
44 4 4 1 c8 f3 3 
44 4 5 12 c8 a2 6 
44 4 5 6 c8 a2 5 
44 4 5 1 c8 f3 3 
41 5 1 12 c8 9e 6 
41 5 1 6 c8 9e 5 
41 5 1 1 c8 ed 3 
41 5 2 12 c8 9e 6 
41 5 2 6 c8 9e 5 
41 5 2 1 c8 ed 3 
41 5 3 12 c8 9e 6 
41 5 3 6 c8 9e 5 
41 5 3 1 c8 ed 3 
41 5 4 12 c8 9e 6 
41 5 4 6 c8 9e 5 
41 5 4 1 c8 ed 3 
41 5 5 12 c8 9e 6 
41 5 5 6 c8 9e 5 
41 5 5 1 c8 ed 3 
42 5 1 12 c8 9e 6 
42 5 1 6 c8 9e 5 
42 5 1 1 c8 ed 3 
42 5 2 12 c8 9e 6 
42 5 2 6 c8 9e 5 
42 5 2 1 c8 ed 3 
42 5 3 12 c8 9e 6 
42 5 3 6 c8 9e 5 
42 5 3 1 c8 ed 3 
42 5 4 12 c8 9e 6 
42 5 4 6 c8 9e 5 
42 5 4 1 c8 ed 3 
42 5 5 12 c8 9e 6 
42 5 5 6 c8 9e 5 
42 5 5 1 c8 ed 3 
43 5 1 12 c8 9e 6 
43 5 1 6 c8 9e 5 
43 5 1 1 c8 ed 3 
43 5 2 12 c8 9e 6 
43 5 2 6 c8 9e 5 
43 5 2 1 c8 ed 3 
43 5 3 12 c8 9e 6 
43 5 3 6 c8 9e 5 
43 5 3 1 c8 ed 3 
43 5 4 12 c8 9e 6 
43 5 4 6 c8 9e 5 
43 5 4 1 c8 ed 3 
43 5 5 12 c8 9e 6 
43 5 5 6 c8 9e 5 
43 5 5 1 c8 ed 3 
44 5 1 12 c8 9e 6 
44 5 1 6 c8 9e 5 
44 5 1 1 c8 ed 3 
44 5 2 12 c8 9e 6 
44 5 2 6 c8 9e 5 
44 5 2 1 c8 ed 3 
44 5 3 12 c8 9e 6 
44 5 3 6 c8 9e 5 
44 5 3 1 c8 ed 3 
44 5 4 12 c8 9e 6 
44 5 4 6 c8 9e 5 
44 5 4 1 c8 ed 3 
44 5 5 12 c8 9e 6 
44 5 5 6 c8 9e 5 
44 5 5 1 c8 ed 3 
45 1 1 12 c8 9a 6 
45 1 1 6 c8 9a 5 
45 1 1 1 c8 e7 3 
45 1 2 12 c8 9a 6 
45 1 2 6 c8 9a 5 
45 1 2 1 c8 e7 3 
45 1 3 12 c8 9a 6 
45 1 3 6 c8 9a 5 
45 1 3 1 c8 e7 3 
45 1 4 12 c8 9a 6 
45 1 4 6 c8 9a 5 
45 1 4 1 c8 e7 3 
45 1 5 12 c8 9a 6 
45 1 5 6 c8 9a 5 
45 1 5 1 c8 e7 3 
46 1 1 12 c8 9a 6 
46 1 1 6 c8 9a 5 
46 1 1 1 c8 e7 3 
46 1 2 12 c8 9a 6 
46 1 2 6 c8 9a 5 
46 1 2 1 c8 e7 3 
46 1 3 12 c8 9a 6 
46 1 3 6 c8 9a 5 
46 1 3 1 c8 e7 3 
46 1 4 12 c8 9a 6 
46 1 4 6 c8 9a 5 
46 1 4 1 c8 e7 3 
46 1 5 12 c8 9a 6 
46 1 5 6 c8 9a 5 
46 1 5 1 c8 e7 3 
47 1 1 12 c8 9a 6 
47 1 1 6 c8 9a 5 
47 1 1 1 c8 e7 3 
47 1 2 12 c8 9a 6 
47 1 2 6 c8 9a 5 
47 1 2 1 c8 e7 3 
47 1 3 12 c8 9a 6 
47 1 3 6 c8 9a 5 
47 1 3 1 c8 e7 3 
47 1 4 12 c8 9a 6 
47 1 4 6 c8 9a 5 
47 1 4 1 c8 e7 3 
47 1 5 12 c8 9a 6 
47 1 5 6 c8 9a 5 
47 1 5 1 c8 e7 3 
48 1 1 12 c8 9a 6 
48 1 1 6 c8 9a 5 
48 1 1 1 c8 e7 3 
48 1 2 12 c8 9a 6 
48 1 2 6 c8 9a 5 
48 1 2 1 c8 e7 3 
48 1 3 12 c8 9a 6 
48 1 3 6 c8 9a 5 
48 1 3 1 c8 e7 3 
48 1 4 12 c8 9a 6 
48 1 4 6 c8 9a 5 
48 1 4 1 c8 e7 3 
48 1 5 12 c8 9a 6 
48 1 5 6 c8 9a 5 
48 1 5 1 c8 e7 3 
45 2 1 12 c8 96 6 
45 2 1 6 c8 96 5 
45 2 1 1 c8 e1 3 
45 2 2 12 c8 96 6 
45 2 2 6 c8 96 5 
45 2 2 1 c8 e1 3 
45 2 3 12 c8 96 6 
45 2 3 6 c8 96 5 
45 2 3 1 c8 e1 3 
45 2 4 12 c8 96 6 
45 2 4 6 c8 96 5 
45 2 4 1 c8 e1 3 
45 2 5 12 c8 96 6 
45 2 5 6 c8 96 5 
45 2 5 1 c8 e1 3 
46 2 1 12 c8 96 6 
46 2 1 6 c8 96 5 
46 2 1 1 c8 e1 3 
46 2 2 12 c8 96 6 
46 2 2 6 c8 96 5 
46 2 2 1 c8 e1 3 
46 2 3 12 c8 96 6 
46 2 3 6 c8 96 5 
46 2 3 1 c8 e1 3 
46 2 4 12 c8 96 6 
46 2 4 6 c8 96 5 
46 2 4 1 c8 e1 3 
46 2 5 12 c8 96 6 
46 2 5 6 c8 96 5 
46 2 5 1 c8 e1 3 
47 2 1 12 c8 96 6 
47 2 1 6 c8 96 5 
47 2 1 1 c8 e1 3 
47 2 2 12 c8 96 6 
47 2 2 6 c8 96 5 
47 2 2 1 c8 e1 3 
47 2 3 12 c8 96 6 
47 2 3 6 c8 96 5 
47 2 3 1 c8 e1 3 
47 2 4 12 c8 96 6 
47 2 4 6 c8 96 5 
47 2 4 1 c8 e1 3 
47 2 5 12 c8 96 6 
47 2 5 6 c8 96 5 
47 2 5 1 c8 e1 3 
48 2 1 12 c8 96 6 
48 2 1 6 c8 96 5 
48 2 1 1 c8 e1 3 
48 2 2 12 c8 96 6 
48 2 2 6 c8 96 5 
48 2 2 1 c8 e1 3 
48 2 3 12 c8 96 6 
48 2 3 6 c8 96 5 
48 2 3 1 c8 e1 3 
48 2 4 12 c8 96 6 
48 2 4 6 c8 96 5 
48 2 4 1 c8 e1 3 
48 2 5 12 c8 96 6 
48 2 5 6 c8 96 5 
48 2 5 1 c8 e1 3 
45 3 1 12 c8 92 6 
45 3 1 6 c8 92 5 
45 3 1 1 c8 db 3 
45 3 2 12 c8 92 6 
45 3 2 6 c8 92 5 
45 3 2 1 c8 db 3 
45 3 3 12 c8 92 6 
45 3 3 6 c8 92 5 
45 3 3 1 c8 db 3 
45 3 4 12 c8 92 6 
45 3 4 6 c8 92 5 
45 3 4 1 c8 db 3 
45 3 5 12 c8 92 6 
45 3 5 6 c8 92 5 
45 3 5 1 c8 db 3 
46 3 1 12 c8 92 6 
46 3 1 6 c8 92 5 
46 3 1 1 c8 db 3 
46 3 2 12 c8 92 6 
46 3 2 6 c8 92 5 
46 3 2 1 c8 db 3 
46 3 3 12 c8 92 6 
46 3 3 6 c8 92 5 
46 3 3 1 c8 db 3 
46 3 4 12 c8 92 6 
46 3 4 6 c8 92 5 
46 3 4 1 c8 db 3 
46 3 5 12 c8 92 6 
46 3 5 6 c8 92 5 
46 3 5 1 c8 db 3 
47 3 1 12 c8 92 6 
47 3 1 6 c8 92 5 
47 3 1 1 c8 db 3 
47 3 2 12 c8 92 6 
47 3 2 6 c8 92 5 
47 3 2 1 c8 db 3 
47 3 3 12 c8 92 6 
47 3 3 6 c8 92 5 
47 3 3 1 c8 db 3 
47 3 4 12 c8 92 6 
47 3 4 6 c8 92 5 
47 3 4 1 c8 db 3 
47 3 5 12 c8 92 6 
47 3 5 6 c8 92 5 
47 3 5 1 c8 db 3 
48 3 1 12 c8 92 6 
48 3 1 6 c8 92 5 
48 3 1 1 c8 db 3 
48 3 2 12 c8 92 6 
48 3 2 6 c8 92 5 
48 3 2 1 c8 db 3 
48 3 3 12 c8 92 6 
48 3 3 6 c8 92 5 
48 3 3 1 c8 db 3 
48 3 4 12 c8 92 6 
48 3 4 6 c8 92 5 
48 3 4 1 c8 db 3 
48 3 5 12 c8 92 6 
48 3 5 6 c8 92 5 
48 3 5 1 c8 db 3 
45 4 1 12 c8 8e 6 
45 4 1 6 c8 8e 5 
45 4 1 1 c8 d5 3 
45 4 2 12 c8 8e 6 
45 4 2 6 c8 8e 5 
45 4 2 1 c8 d5 3 
45 4 3 12 c8 8e 6 
45 4 3 6 c8 8e 5 
45 4 3 1 c8 d5 3 
45 4 4 12 c8 8e 6 
45 4 4 6 c8 8e 5 
45 4 4 1 c8 d5 3 
45 4 5 12 c8 8e 6 
45 4 5 6 c8 8e 5 
45 4 5 1 c8 d5 3 
46 4 1 12 c8 8e 6 
46 4 1 6 c8 8e 5 
46 4 1 1 c8 d5 3 
46 4 2 12 c8 8e 6 
46 4 2 6 c8 8e 5 
46 4 2 1 c8 d5 3 
46 4 3 12 c8 8e 6 
46 4 3 6 c8 8e 5 
46 4 3 1 c8 d5 3 
46 4 4 12 c8 8e 6 
46 4 4 6 c8 8e 5 
46 4 4 1 c8 d5 3 
46 4 5 12 c8 8e 6 
46 4 5 6 c8 8e 5 
46 4 5 1 c8 d5 3 
47 4 1 12 c8 8e 6 
47 4 1 6 c8 8e 5 
47 4 1 1 c8 d5 3 
47 4 2 12 c8 8e 6 
47 4 2 6 c8 8e 5 
47 4 2 1 c8 d5 3 
47 4 3 12 c8 8e 6 
47 4 3 6 c8 8e 5 
47 4 3 1 c8 d5 3 
47 4 4 12 c8 8e 6 
47 4 4 6 c8 8e 5 
47 4 4 1 c8 d5 3 
47 4 5 12 c8 8e 6 
47 4 5 6 c8 8e 5 
47 4 5 1 c8 d5 3 
48 4 1 12 c8 8e 6 
48 4 1 6 c8 8e 5 
48 4 1 1 c8 d5 3 
48 4 2 12 c8 8e 6 
48 4 2 6 c8 8e 5 
48 4 2 1 c8 d5 3 
48 4 3 12 c8 8e 6 
48 4 3 6 c8 8e 5 
48 4 3 1 c8 d5 3 
48 4 4 12 c8 8e 6 
48 4 4 6 c8 8e 5 
48 4 4 1 c8 d5 3 
48 4 5 12 c8 8e 6 
48 4 5 6 c8 8e 5 
48 4 5 1 c8 d5 3 
45 5 1 12 c8 8a 6 
45 5 1 6 c8 8a 5 
45 5 1 1 c8 cf 3 
45 5 2 12 c8 8a 6 
45 5 2 6 c8 8a 5 
45 5 2 1 c8 cf 3 
45 5 3 12 c8 8a 6 
45 5 3 6 c8 8a 5 
45 5 3 1 c8 cf 3 
45 5 4 12 c8 8a 6 
45 5 4 6 c8 8a 5 
45 5 4 1 c8 cf 3 
45 5 5 12 c8 8a 6 
45 5 5 6 c8 8a 5 
45 5 5 1 c8 cf 3 
46 5 1 12 c8 8a 6 
46 5 1 6 c8 8a 5 
46 5 1 1 c8 cf 3 
46 5 2 12 c8 8a 6 
46 5 2 6 c8 8a 5 
46 5 2 1 c8 cf 3 
46 5 3 12 c8 8a 6 
46 5 3 6 c8 8a 5 
46 5 3 1 c8 cf 3 
46 5 4 12 c8 8a 6 
46 5 4 6 c8 8a 5 
46 5 4 1 c8 cf 3 
46 5 5 12 c8 8a 6 
46 5 5 6 c8 8a 5 
46 5 5 1 c8 cf 3 
47 5 1 12 c8 8a 6 
47 5 1 6 c8 8a 5 
47 5 1 1 c8 cf 3 
47 5 2 12 c8 8a 6 
47 5 2 6 c8 8a 5 
47 5 2 1 c8 cf 3 
47 5 3 12 c8 8a 6 
47 5 3 6 c8 8a 5 
47 5 3 1 c8 cf 3 
47 5 4 12 c8 8a 6 
47 5 4 6 c8 8a 5 
47 5 4 1 c8 cf 3 
47 5 5 12 c8 8a 6 
47 5 5 6 c8 8a 5 
47 5 5 1 c8 cf 3 
48 5 1 12 c8 8a 6 
48 5 1 6 c8 8a 5 
48 5 1 1 c8 cf 3 
48 5 2 12 c8 8a 6 
48 5 2 6 c8 8a 5 
48 5 2 1 c8 cf 3 
48 5 3 12 c8 8a 6 
48 5 3 6 c8 8a 5 
48 5 3 1 c8 cf 3 
48 5 4 12 c8 8a 6 
48 5 4 6 c8 8a 5 
48 5 4 1 c8 cf 3 
48 5 5 12 c8 8a 6 
48 5 5 6 c8 8a 5 
48 5 5 1 c8 cf 3 
49 1 1 12 c8 86 6 
49 1 1 6 c8 86 5 
49 1 1 1 c8 c9 3 
49 1 2 12 c8 86 6 
49 1 2 6 c8 86 5 
49 1 2 1 c8 c9 3 
49 1 3 12 c8 86 6 
49 1 3 6 c8 86 5 
49 1 3 1 c8 c9 3 
49 1 4 12 c8 86 6 
49 1 4 6 c8 86 5 
49 1 4 1 c8 c9 3 
49 1 5 12 c8 86 6 
49 1 5 6 c8 86 5 
49 1 5 1 c8 c9 3 
50 1 1 12 c8 86 6 
50 1 1 6 c8 86 5 
50 1 1 1 c8 c9 3 
50 1 2 12 c8 86 6 
50 1 2 6 c8 86 5 
50 1 2 1 c8 c9 3 
50 1 3 12 c8 86 6 
50 1 3 6 c8 86 5 
50 1 3 1 c8 c9 3 
50 1 4 12 c8 86 6 
50 1 4 6 c8 86 5 
50 1 4 1 c8 c9 3 
50 1 5 12 c8 86 6 
50 1 5 6 c8 86 5 
50 1 5 1 c8 c9 3 
51 1 1 12 c8 86 6 
51 1 1 6 c8 86 5 
51 1 1 1 c8 c9 3 
51 1 2 12 c8 86 6 
51 1 2 6 c8 86 5 
51 1 2 1 c8 c9 3 
51 1 3 12 c8 86 6 
51 1 3 6 c8 86 5 
51 1 3 1 c8 c9 3 
51 1 4 12 c8 86 6 
51 1 4 6 c8 86 5 
51 1 4 1 c8 c9 3 
51 1 5 12 c8 86 6 
51 1 5 6 c8 86 5 
51 1 5 1 c8 c9 3 
52 1 1 12 c8 86 6 
52 1 1 6 c8 86 5 
52 1 1 1 c8 c9 3 
52 1 2 12 c8 86 6 
52 1 2 6 c8 86 5 
52 1 2 1 c8 c9 3 
52 1 3 12 c8 86 6 
52 1 3 6 c8 86 5 
52 1 3 1 c8 c9 3 
52 1 4 12 c8 86 6 
52 1 4 6 c8 86 5 
52 1 4 1 c8 c9 3 
52 1 5 12 c8 86 6 
52 1 5 6 c8 86 5 
52 1 5 1 c8 c9 3 
49 2 1 12 c8 82 6 
49 2 1 6 c8 82 5 
49 2 1 1 c8 c3 3 
49 2 2 12 c8 82 6 
49 2 2 6 c8 82 5 
49 2 2 1 c8 c3 3 
49 2 3 12 c8 82 6 
49 2 3 6 c8 82 5 
49 2 3 1 c8 c3 3 
49 2 4 12 c8 82 6 
49 2 4 6 c8 82 5 
49 2 4 1 c8 c3 3 
49 2 5 12 c8 82 6 
49 2 5 6 c8 82 5 
49 2 5 1 c8 c3 3 
50 2 1 12 c8 82 6 
50 2 1 6 c8 82 5 
50 2 1 1 c8 c3 3 
50 2 2 12 c8 82 6 
50 2 2 6 c8 82 5 
50 2 2 1 c8 c3 3 
50 2 3 12 c8 82 6 
50 2 3 6 c8 82 5 
50 2 3 1 c8 c3 3 
50 2 4 12 c8 82 6 
50 2 4 6 c8 82 5 
50 2 4 1 c8 c3 3 
50 2 5 12 c8 82 6 
50 2 5 6 c8 82 5 
50 2 5 1 c8 c3 3 
51 2 1 12 c8 82 6 
51 2 1 6 c8 82 5 
51 2 1 1 c8 c3 3 
51 2 2 12 c8 82 6 
51 2 2 6 c8 82 5 
51 2 2 1 c8 c3 3 
51 2 3 12 c8 82 6 
51 2 3 6 c8 82 5 
51 2 3 1 c8 c3 3 
51 2 4 12 c8 82 6 
51 2 4 6 c8 82 5 
51 2 4 1 c8 c3 3 
51 2 5 12 c8 82 6 
51 2 5 6 c8 82 5 
51 2 5 1 c8 c3 3 
52 2 1 12 c8 82 6 
52 2 1 6 c8 82 5 
52 2 1 1 c8 c3 3 
52 2 2 12 c8 82 6 
52 2 2 6 c8 82 5 
52 2 2 1 c8 c3 3 
52 2 3 12 c8 82 6 
52 2 3 6 c8 82 5 
52 2 3 1 c8 c3 3 
52 2 4 12 c8 82 6 
52 2 4 6 c8 82 5 
52 2 4 1 c8 c3 3 
52 2 5 12 c8 82 6 
52 2 5 6 c8 82 5 
52 2 5 1 c8 c3 3 
49 3 1 12 c8 fb 7 
49 3 1 6 c8 fb 6 
49 3 1 1 c8 bc 3 
49 3 2 12 c8 fb 7 
49 3 2 6 c8 fb 6 
49 3 2 1 c8 bc 3 
49 3 3 12 c8 fb 7 
49 3 3 6 c8 fb 6 
49 3 3 1 c8 bc 3 
49 3 4 12 c8 fb 7 
49 3 4 6 c8 fb 6 
49 3 4 1 c8 bc 3 
49 3 5 12 c8 fb 7 
49 3 5 6 c8 fb 6 
49 3 5 1 c8 bc 3 
50 3 1 12 c8 fb 7 
50 3 1 6 c8 fb 6 
50 3 1 1 c8 bc 3 
50 3 2 12 c8 fb 7 
50 3 2 6 c8 fb 6 
50 3 2 1 c8 bc 3 
50 3 3 12 c8 fb 7 
50 3 3 6 c8 fb 6 
50 3 3 1 c8 bc 3 
50 3 4 12 c8 fb 7 
50 3 4 6 c8 fb 6 
50 3 4 1 c8 bc 3 
50 3 5 12 c8 fb 7 
50 3 5 6 c8 fb 6 
50 3 5 1 c8 bc 3 
51 3 1 12 c8 fb 7 
51 3 1 6 c8 fb 6 
51 3 1 1 c8 bc 3 
51 3 2 12 c8 fb 7 
51 3 2 6 c8 fb 6 
51 3 2 1 c8 bc 3 
51 3 3 12 c8 fb 7 
51 3 3 6 c8 fb 6 
51 3 3 1 c8 bc 3 
51 3 4 12 c8 fb 7 
51 3 4 6 c8 fb 6 
51 3 4 1 c8 bc 3 
51 3 5 12 c8 fb 7 
51 3 5 6 c8 fb 6 
51 3 5 1 c8 bc 3 
52 3 1 12 c8 fb 7 
52 3 1 6 c8 fb 6 
52 3 1 1 c8 bc 3 
52 3 2 12 c8 fb 7 
52 3 2 6 c8 fb 6 
52 3 2 1 c8 bc 3 
52 3 3 12 c8 fb 7 
52 3 3 6 c8 fb 6 
52 3 3 1 c8 bc 3 
52 3 4 12 c8 fb 7 
52 3 4 6 c8 fb 6 
52 3 4 1 c8 bc 3 
52 3 5 12 c8 fb 7 
52 3 5 6 c8 fb 6 
52 3 5 1 c8 bc 3 
49 4 1 12 c8 f3 7 
49 4 1 6 c8 f3 6 
49 4 1 1 c8 b6 3 
49 4 2 12 c8 f3 7 
49 4 2 6 c8 f3 6 
49 4 2 1 c8 b6 3 
49 4 3 12 c8 f3 7 
49 4 3 6 c8 f3 6 
49 4 3 1 c8 b6 3 
49 4 4 12 c8 f3 7 
49 4 4 6 c8 f3 6 
49 4 4 1 c8 b6 3 
49 4 5 12 c8 f3 7 
49 4 5 6 c8 f3 6 
49 4 5 1 c8 b6 3 
50 4 1 12 c8 f3 7 
50 4 1 6 c8 f3 6 
50 4 1 1 c8 b6 3 
50 4 2 12 c8 f3 7 
50 4 2 6 c8 f3 6 
50 4 2 1 c8 b6 3 
50 4 3 12 c8 f3 7 
50 4 3 6 c8 f3 6 
50 4 3 1 c8 b6 3 
50 4 4 12 c8 f3 7 
50 4 4 6 c8 f3 6 
50 4 4 1 c8 b6 3 
50 4 5 12 c8 f3 7 
50 4 5 6 c8 f3 6 
50 4 5 1 c8 b6 3 
51 4 1 12 c8 f3 7 
51 4 1 6 c8 f3 6 
51 4 1 1 c8 b6 3 
51 4 2 12 c8 f3 7 
51 4 2 6 c8 f3 6 
51 4 2 1 c8 b6 3 
51 4 3 12 c8 f3 7 
51 4 3 6 c8 f3 6 
51 4 3 1 c8 b6 3 
51 4 4 12 c8 f3 7 
51 4 4 6 c8 f3 6 
51 4 4 1 c8 b6 3 
51 4 5 12 c8 f3 7 
51 4 5 6 c8 f3 6 
51 4 5 1 c8 b6 3 
52 4 1 12 c8 f3 7 
52 4 1 6 c8 f3 6 
52 4 1 1 c8 b6 3 
52 4 2 12 c8 f3 7 
52 4 2 6 c8 f3 6 
52 4 2 1 c8 b6 3 
52 4 3 12 c8 f3 7 
52 4 3 6 c8 f3 6 
52 4 3 1 c8 b6 3 
52 4 4 12 c8 f3 7 
52 4 4 6 c8 f3 6 
52 4 4 1 c8 b6 3 
52 4 5 12 c8 f3 7 
52 4 5 6 c8 f3 6 
52 4 5 1 c8 b6 3 
49 5 1 12 c8 ea 7 
49 5 1 6 c8 ea 6 
49 5 1 1 c8 b0 3 
49 5 2 12 c8 ea 7 
49 5 2 6 c8 ea 6 
49 5 2 1 c8 b0 3 
49 5 3 12 c8 ea 7 
49 5 3 6 c8 ea 6 
49 5 3 1 c8 b0 3 
49 5 4 12 c8 ea 7 
49 5 4 6 c8 ea 6 
49 5 4 1 c8 b0 3 
49 5 5 12 c8 ea 7 
49 5 5 6 c8 ea 6 
49 5 5 1 c8 b0 3 
50 5 1 12 c8 ea 7 
50 5 1 6 c8 ea 6 
50 5 1 1 c8 b0 3 
50 5 2 12 c8 ea 7 
50 5 2 6 c8 ea 6 
50 5 2 1 c8 b0 3 
50 5 3 12 c8 ea 7 
50 5 3 6 c8 ea 6 
50 5 3 1 c8 b0 3 
50 5 4 12 c8 ea 7 
50 5 4 6 c8 ea 6 
50 5 4 1 c8 b0 3 
50 5 5 12 c8 ea 7 
50 5 5 6 c8 ea 6 
50 5 5 1 c8 b0 3 
51 5 1 12 c8 ea 7 
51 5 1 6 c8 ea 6 
51 5 1 1 c8 b0 3 
51 5 2 12 c8 ea 7 
51 5 2 6 c8 ea 6 
51 5 2 1 c8 b0 3 
51 5 3 12 c8 ea 7 
51 5 3 6 c8 ea 6 
51 5 3 1 c8 b0 3 
51 5 4 12 c8 ea 7 
51 5 4 6 c8 ea 6 
51 5 4 1 c8 b0 3 
51 5 5 12 c8 ea 7 
51 5 5 6 c8 ea 6 
51 5 5 1 c8 b0 3 
52 5 1 12 c8 ea 7 
52 5 1 6 c8 ea 6 
52 5 1 1 c8 b0 3 
52 5 2 12 c8 ea 7 
52 5 2 6 c8 ea 6 
52 5 2 1 c8 b0 3 
52 5 3 12 c8 ea 7 
52 5 3 6 c8 ea 6 
52 5 3 1 c8 b0 3 
52 5 4 12 c8 ea 7 
52 5 4 6 c8 ea 6 
52 5 4 1 c8 b0 3 
52 5 5 12 c8 ea 7 
52 5 5 6 c8 ea 6 
52 5 5 1 c8 b0 3 
53 1 1 12 c8 e2 7 
53 1 1 6 c8 e2 6 
53 1 1 1 c8 a9 3 
53 1 2 12 c8 e2 7 
53 1 2 6 c8 e2 6 
53 1 2 1 c8 a9 3 
53 1 3 12 c8 e2 7 
53 1 3 6 c8 e2 6 
53 1 3 1 c8 a9 3 
53 1 4 12 c8 e2 7 
53 1 4 6 c8 e2 6 
53 1 4 1 c8 a9 3 
53 1 5 12 c8 e2 7 
53 1 5 6 c8 e2 6 
53 1 5 1 c8 a9 3 
54 1 1 12 c8 e2 7 
54 1 1 6 c8 e2 6 
54 1 1 1 c8 a9 3 
54 1 2 12 c8 e2 7 
54 1 2 6 c8 e2 6 
54 1 2 1 c8 a9 3 
54 1 3 12 c8 e2 7 
54 1 3 6 c8 e2 6 
54 1 3 1 c8 a9 3 
54 1 4 12 c8 e2 7 
54 1 4 6 c8 e2 6 
54 1 4 1 c8 a9 3 
54 1 5 12 c8 e2 7 
54 1 5 6 c8 e2 6 
54 1 5 1 c8 a9 3 
55 1 1 12 c8 e2 7 
55 1 1 6 c8 e2 6 
55 1 1 1 c8 a9 3 
55 1 2 12 c8 e2 7 
55 1 2 6 c8 e2 6 
55 1 2 1 c8 a9 3 
55 1 3 12 c8 e2 7 
55 1 3 6 c8 e2 6 
55 1 3 1 c8 a9 3 
55 1 4 12 c8 e2 7 
55 1 4 6 c8 e2 6 
55 1 4 1 c8 a9 3 
55 1 5 12 c8 e2 7 
55 1 5 6 c8 e2 6 
55 1 5 1 c8 a9 3 
56 1 1 12 c8 e2 7 
56 1 1 6 c8 e2 6 
56 1 1 1 c8 a9 3 
56 1 2 12 c8 e2 7 
56 1 2 6 c8 e2 6 
56 1 2 1 c8 a9 3 
56 1 3 12 c8 e2 7 
56 1 3 6 c8 e2 6 
56 1 3 1 c8 a9 3 
56 1 4 12 c8 e2 7 
56 1 4 6 c8 e2 6 
56 1 4 1 c8 a9 3 
56 1 5 12 c8 e2 7 
56 1 5 6 c8 e2 6 
56 1 5 1 c8 a9 3 
53 2 1 12 c8 d9 7 
53 2 1 6 c8 d9 6 
53 2 1 1 c8 a3 3 
53 2 2 12 c8 d9 7 
53 2 2 6 c8 d9 6 
53 2 2 1 c8 a3 3 
53 2 3 12 c8 d9 7 
53 2 3 6 c8 d9 6 
53 2 3 1 c8 a3 3 
53 2 4 12 c8 d9 7 
53 2 4 6 c8 d9 6 
53 2 4 1 c8 a3 3 
53 2 5 12 c8 d9 7 
53 2 5 6 c8 d9 6 
53 2 5 1 c8 a3 3 
54 2 1 12 c8 d9 7 
54 2 1 6 c8 d9 6 
54 2 1 1 c8 a3 3 
54 2 2 12 c8 d9 7 
54 2 2 6 c8 d9 6 
54 2 2 1 c8 a3 3 
54 2 3 12 c8 d9 7 
54 2 3 6 c8 d9 6 
54 2 3 1 c8 a3 3 
54 2 4 12 c8 d9 7 
54 2 4 6 c8 d9 6 
54 2 4 1 c8 a3 3 
54 2 5 12 c8 d9 7 
54 2 5 6 c8 d9 6 
54 2 5 1 c8 a3 3 
55 2 1 12 c8 d9 7 
55 2 1 6 c8 d9 6 
55 2 1 1 c8 a3 3 
55 2 2 12 c8 d9 7 
55 2 2 6 c8 d9 6 
55 2 2 1 c8 a3 3 
55 2 3 12 c8 d9 7 
55 2 3 6 c8 d9 6 
55 2 3 1 c8 a3 3 
55 2 4 12 c8 d9 7 
55 2 4 6 c8 d9 6 
55 2 4 1 c8 a3 3 
55 2 5 12 c8 d9 7 
55 2 5 6 c8 d9 6 
55 2 5 1 c8 a3 3 
56 2 1 12 c8 d9 7 
56 2 1 6 c8 d9 6 
56 2 1 1 c8 a3 3 
56 2 2 12 c8 d9 7 
56 2 2 6 c8 d9 6 
56 2 2 1 c8 a3 3 
56 2 3 12 c8 d9 7 
56 2 3 6 c8 d9 6 
56 2 3 1 c8 a3 3 
56 2 4 12 c8 d9 7 
56 2 4 6 c8 d9 6 
56 2 4 1 c8 a3 3 
56 2 5 12 c8 d9 7 
56 2 5 6 c8 d9 6 
56 2 5 1 c8 a3 3 
53 3 1 12 c8 d0 7 
53 3 1 6 c8 d0 6 
53 3 1 1 c8 9c 3 
53 3 2 12 c8 d0 7 
53 3 2 6 c8 d0 6 
53 3 2 1 c8 9c 3 
53 3 3 12 c8 d0 7 
53 3 3 6 c8 d0 6 
53 3 3 1 c8 9c 3 
53 3 4 12 c8 d0 7 
53 3 4 6 c8 d0 6 
53 3 4 1 c8 9c 3 
53 3 5 12 c8 d0 7 
53 3 5 6 c8 d0 6 
53 3 5 1 c8 9c 3 
54 3 1 12 c8 d0 7 
54 3 1 6 c8 d0 6 
54 3 1 1 c8 9c 3 
54 3 2 12 c8 d0 7 
54 3 2 6 c8 d0 6 
54 3 2 1 c8 9c 3 
54 3 3 12 c8 d0 7 
54 3 3 6 c8 d0 6 
54 3 3 1 c8 9c 3 
54 3 4 12 c8 d0 7 
54 3 4 6 c8 d0 6 
54 3 4 1 c8 9c 3 
54 3 5 12 c8 d0 7 
54 3 5 6 c8 d0 6 
54 3 5 1 c8 9c 3 
55 3 1 12 c8 d0 7 
55 3 1 6 c8 d0 6 
55 3 1 1 c8 9c 3 
55 3 2 12 c8 d0 7 
55 3 2 6 c8 d0 6 
55 3 2 1 c8 9c 3 
55 3 3 12 c8 d0 7 
55 3 3 6 c8 d0 6 
55 3 3 1 c8 9c 3 
55 3 4 12 c8 d0 7 
55 3 4 6 c8 d0 6 
55 3 4 1 c8 9c 3 
55 3 5 12 c8 d0 7 
55 3 5 6 c8 d0 6 
55 3 5 1 c8 9c 3 
56 3 1 12 c8 d0 7 
56 3 1 6 c8 d0 6 
56 3 1 1 c8 9c 3 
56 3 2 12 c8 d0 7 
56 3 2 6 c8 d0 6 
56 3 2 1 c8 9c 3 
56 3 3 12 c8 d0 7 
56 3 3 6 c8 d0 6 
56 3 3 1 c8 9c 3 
56 3 4 12 c8 d0 7 
56 3 4 6 c8 d0 6 
56 3 4 1 c8 9c 3 
56 3 5 12 c8 d0 7 
56 3 5 6 c8 d0 6 
56 3 5 1 c8 9c 3 
53 4 1 12 c8 c7 7 
53 4 1 6 c8 c7 6 
53 4 1 1 c8 96 3 
53 4 2 12 c8 c7 7 
53 4 2 6 c8 c7 6 
53 4 2 1 c8 96 3 
53 4 3 12 c8 c7 7 
53 4 3 6 c8 c7 6 
53 4 3 1 c8 96 3 
53 4 4 12 c8 c7 7 
53 4 4 6 c8 c7 6 
53 4 4 1 c8 96 3 
53 4 5 12 c8 c7 7 
53 4 5 6 c8 c7 6 
53 4 5 1 c8 96 3 
54 4 1 12 c8 c7 7 
54 4 1 6 c8 c7 6 
54 4 1 1 c8 96 3 
54 4 2 12 c8 c7 7 
54 4 2 6 c8 c7 6 
54 4 2 1 c8 96 3 
54 4 3 12 c8 c7 7 
54 4 3 6 c8 c7 6 
54 4 3 1 c8 96 3 
54 4 4 12 c8 c7 7 
54 4 4 6 c8 c7 6 
54 4 4 1 c8 96 3 
54 4 5 12 c8 c7 7 
54 4 5 6 c8 c7 6 
54 4 5 1 c8 96 3 
55 4 1 12 c8 c7 7 
55 4 1 6 c8 c7 6 
55 4 1 1 c8 96 3 
55 4 2 12 c8 c7 7 
55 4 2 6 c8 c7 6 
55 4 2 1 c8 96 3 
55 4 3 12 c8 c7 7 
55 4 3 6 c8 c7 6 
55 4 3 1 c8 96 3 
55 4 4 12 c8 c7 7 
55 4 4 6 c8 c7 6 
55 4 4 1 c8 96 3 
55 4 5 12 c8 c7 7 
55 4 5 6 c8 c7 6 
55 4 5 1 c8 96 3 
56 4 1 12 c8 c7 7 
56 4 1 6 c8 c7 6 
56 4 1 1 c8 96 3 
56 4 2 12 c8 c7 7 
56 4 2 6 c8 c7 6 
56 4 2 1 c8 96 3 
56 4 3 12 c8 c7 7 
56 4 3 6 c8 c7 6 
56 4 3 1 c8 96 3 
56 4 4 12 c8 c7 7 
56 4 4 6 c8 c7 6 
56 4 4 1 c8 96 3 
56 4 5 12 c8 c7 7 
56 4 5 6 c8 c7 6 
56 4 5 1 c8 96 3 
53 5 1 12 c8 bf 7 
53 5 1 6 c8 bf 6 
53 5 1 1 c8 8f 3 
53 5 2 12 c8 bf 7 
53 5 2 6 c8 bf 6 
53 5 2 1 c8 8f 3 
53 5 3 12 c8 bf 7 
53 5 3 6 c8 bf 6 
53 5 3 1 c8 8f 3 
53 5 4 12 c8 bf 7 
53 5 4 6 c8 bf 6 
53 5 4 1 c8 8f 3 
53 5 5 12 c8 bf 7 
53 5 5 6 c8 bf 6 
53 5 5 1 c8 8f 3 
54 5 1 12 c8 bf 7 
54 5 1 6 c8 bf 6 
54 5 1 1 c8 8f 3 
54 5 2 12 c8 bf 7 
54 5 2 6 c8 bf 6 
54 5 2 1 c8 8f 3 
54 5 3 12 c8 bf 7 
54 5 3 6 c8 bf 6 
54 5 3 1 c8 8f 3 
54 5 4 12 c8 bf 7 
54 5 4 6 c8 bf 6 
54 5 4 1 c8 8f 3 
54 5 5 12 c8 bf 7 
54 5 5 6 c8 bf 6 
54 5 5 1 c8 8f 3 
55 5 1 12 c8 bf 7 
55 5 1 6 c8 bf 6 
55 5 1 1 c8 8f 3 
55 5 2 12 c8 bf 7 
55 5 2 6 c8 bf 6 
55 5 2 1 c8 8f 3 
55 5 3 12 c8 bf 7 
55 5 3 6 c8 bf 6 
55 5 3 1 c8 8f 3 
55 5 4 12 c8 bf 7 
55 5 4 6 c8 bf 6 
55 5 4 1 c8 8f 3 
55 5 5 12 c8 bf 7 
55 5 5 6 c8 bf 6 
55 5 5 1 c8 8f 3 
56 5 1 12 c8 bf 7 
56 5 1 6 c8 bf 6 
56 5 1 1 c8 8f 3 
56 5 2 12 c8 bf 7 
56 5 2 6 c8 bf 6 
56 5 2 1 c8 8f 3 
56 5 3 12 c8 bf 7 
56 5 3 6 c8 bf 6 
56 5 3 1 c8 8f 3 
56 5 4 12 c8 bf 7 
56 5 4 6 c8 bf 6 
56 5 4 1 c8 8f 3 
56 5 5 12 c8 bf 7 
56 5 5 6 c8 bf 6 
56 5 5 1 c8 8f 3 
57 1 1 12 c8 b6 7 
57 1 1 6 c8 b6 6 
57 1 1 1 c8 88 3 
57 1 2 12 c8 b6 7 
57 1 2 6 c8 b6 6 
57 1 2 1 c8 88 3 
57 1 3 12 c8 b6 7 
57 1 3 6 c8 b6 6 
57 1 3 1 c8 88 3 
57 1 4 12 c8 b6 7 
57 1 4 6 c8 b6 6 
57 1 4 1 c8 88 3 
57 1 5 12 c8 b6 7 
57 1 5 6 c8 b6 6 
57 1 5 1 c8 88 3 
58 1 1 12 c8 b6 7 
58 1 1 6 c8 b6 6 
58 1 1 1 c8 88 3 
58 1 2 12 c8 b6 7 
58 1 2 6 c8 b6 6 
58 1 2 1 c8 88 3 
58 1 3 12 c8 b6 7 
58 1 3 6 c8 b6 6 
58 1 3 1 c8 88 3 
58 1 4 12 c8 b6 7 
58 1 4 6 c8 b6 6 
58 1 4 1 c8 88 3 
58 1 5 12 c8 b6 7 
58 1 5 6 c8 b6 6 
58 1 5 1 c8 88 3 
59 1 1 12 c8 b6 7 
59 1 1 6 c8 b6 6 
59 1 1 1 c8 88 3 
59 1 2 12 c8 b6 7 
59 1 2 6 c8 b6 6 
59 1 2 1 c8 88 3 
59 1 3 12 c8 b6 7 
59 1 3 6 c8 b6 6 
59 1 3 1 c8 88 3 
59 1 4 12 c8 b6 7 
59 1 4 6 c8 b6 6 
59 1 4 1 c8 88 3 
59 1 5 12 c8 b6 7 
59 1 5 6 c8 b6 6 
59 1 5 1 c8 88 3 
60 1 1 12 c8 b6 7 
60 1 1 6 c8 b6 6 
60 1 1 1 c8 88 3 
60 1 2 12 c8 b6 7 
60 1 2 6 c8 b6 6 
60 1 2 1 c8 88 3 
60 1 3 12 c8 b6 7 
60 1 3 6 c8 b6 6 
60 1 3 1 c8 88 3 
60 1 4 12 c8 b6 7 
60 1 4 6 c8 b6 6 
60 1 4 1 c8 88 3 
60 1 5 12 c8 b6 7 
60 1 5 6 c8 b6 6 
60 1 5 1 c8 88 3 
57 2 1 12 c8 ad 7 
57 2 1 6 c8 ad 6 
57 2 1 1 c8 81 3 
57 2 2 12 c8 ad 7 
57 2 2 6 c8 ad 6 
57 2 2 1 c8 81 3 
57 2 3 12 c8 ad 7 
57 2 3 6 c8 ad 6 
57 2 3 1 c8 81 3 
57 2 4 12 c8 ad 7 
57 2 4 6 c8 ad 6 
57 2 4 1 c8 81 3 
57 2 5 12 c8 ad 7 
57 2 5 6 c8 ad 6 
57 2 5 1 c8 81 3 
58 2 1 12 c8 ad 7 
58 2 1 6 c8 ad 6 
58 2 1 1 c8 81 3 
58 2 2 12 c8 ad 7 
58 2 2 6 c8 ad 6 
58 2 2 1 c8 81 3 
58 2 3 12 c8 ad 7 
58 2 3 6 c8 ad 6 
58 2 3 1 c8 81 3 
58 2 4 12 c8 ad 7 
58 2 4 6 c8 ad 6 
58 2 4 1 c8 81 3 
58 2 5 12 c8 ad 7 
58 2 5 6 c8 ad 6 
58 2 5 1 c8 81 3 
59 2 1 12 c8 ad 7 
59 2 1 6 c8 ad 6 
59 2 1 1 c8 81 3 
59 2 2 12 c8 ad 7 
59 2 2 6 c8 ad 6 
59 2 2 1 c8 81 3 
59 2 3 12 c8 ad 7 
59 2 3 6 c8 ad 6 
59 2 3 1 c8 81 3 
59 2 4 12 c8 ad 7 
59 2 4 6 c8 ad 6 
59 2 4 1 c8 81 3 
59 2 5 12 c8 ad 7 
59 2 5 6 c8 ad 6 
59 2 5 1 c8 81 3 
60 2 1 12 c8 ad 7 
60 2 1 6 c8 ad 6 
60 2 1 1 c8 81 3 
60 2 2 12 c8 ad 7 
60 2 2 6 c8 ad 6 
60 2 2 1 c8 81 3 
60 2 3 12 c8 ad 7 
60 2 3 6 c8 ad 6 
60 2 3 1 c8 81 3 
60 2 4 12 c8 ad 7 
60 2 4 6 c8 ad 6 
60 2 4 1 c8 81 3 
60 2 5 12 c8 ad 7 
60 2 5 6 c8 ad 6 
60 2 5 1 c8 81 3 
57 3 1 12 c8 a4 7 
57 3 1 6 c8 a4 6 
57 3 1 1 c8 f5 4 
57 3 2 12 c8 a4 7 
57 3 2 6 c8 a4 6 
57 3 2 1 c8 f5 4 
57 3 3 12 c8 a4 7 
57 3 3 6 c8 a4 6 
57 3 3 1 c8 f5 4 
57 3 4 12 c8 a4 7 
57 3 4 6 c8 a4 6 
57 3 4 1 c8 f5 4 
57 3 5 12 c8 a4 7 
57 3 5 6 c8 a4 6 
57 3 5 1 c8 f5 4 
58 3 1 12 c8 a4 7 
58 3 1 6 c8 a4 6 
58 3 1 1 c8 f5 4 
58 3 2 12 c8 a4 7 
58 3 2 6 c8 a4 6 
58 3 2 1 c8 f5 4 
58 3 3 12 c8 a4 7 
58 3 3 6 c8 a4 6 
58 3 3 1 c8 f5 4 
58 3 4 12 c8 a4 7 
58 3 4 6 c8 a4 6 
58 3 4 1 c8 f5 4 
58 3 5 12 c8 a4 7 
58 3 5 6 c8 a4 6 
58 3 5 1 c8 f5 4 
59 3 1 12 c8 a4 7 
59 3 1 6 c8 a4 6 
59 3 1 1 c8 f5 4 
59 3 2 12 c8 a4 7 
59 3 2 6 c8 a4 6 
59 3 2 1 c8 f5 4 
59 3 3 12 c8 a4 7 
59 3 3 6 c8 a4 6 
59 3 3 1 c8 f5 4 
59 3 4 12 c8 a4 7 
59 3 4 6 c8 a4 6 
59 3 4 1 c8 f5 4 
59 3 5 12 c8 a4 7 
59 3 5 6 c8 a4 6 
59 3 5 1 c8 f5 4 
60 3 1 12 c8 a4 7 
60 3 1 6 c8 a4 6 
60 3 1 1 c8 f5 4 
60 3 2 12 c8 a4 7 
60 3 2 6 c8 a4 6 
60 3 2 1 c8 f5 4 
60 3 3 12 c8 a4 7 
60 3 3 6 c8 a4 6 
60 3 3 1 c8 f5 4 
60 3 4 12 c8 a4 7 
60 3 4 6 c8 a4 6 
60 3 4 1 c8 f5 4 
60 3 5 12 c8 a4 7 
60 3 5 6 c8 a4 6 
60 3 5 1 c8 f5 4 
57 4 1 12 c8 9b 7 
57 4 1 6 c8 9b 6 
57 4 1 1 c8 e8 4 
57 4 2 12 c8 9b 7 
57 4 2 6 c8 9b 6 
57 4 2 1 c8 e8 4 
57 4 3 12 c8 9b 7 
57 4 3 6 c8 9b 6 
57 4 3 1 c8 e8 4 
57 4 4 12 c8 9b 7 
57 4 4 6 c8 9b 6 
57 4 4 1 c8 e8 4 
57 4 5 12 c8 9b 7 
57 4 5 6 c8 9b 6 
57 4 5 1 c8 e8 4 
58 4 1 12 c8 9b 7 
58 4 1 6 c8 9b 6 
58 4 1 1 c8 e8 4 
58 4 2 12 c8 9b 7 
58 4 2 6 c8 9b 6 
58 4 2 1 c8 e8 4 
58 4 3 12 c8 9b 7 
58 4 3 6 c8 9b 6 
58 4 3 1 c8 e8 4 
58 4 4 12 c8 9b 7 
58 4 4 6 c8 9b 6 
58 4 4 1 c8 e8 4 
58 4 5 12 c8 9b 7 
58 4 5 6 c8 9b 6 
58 4 5 1 c8 e8 4 
59 4 1 12 c8 9b 7 
59 4 1 6 c8 9b 6 
59 4 1 1 c8 e8 4 
59 4 2 12 c8 9b 7 
59 4 2 6 c8 9b 6 
59 4 2 1 c8 e8 4 
59 4 3 12 c8 9b 7 
59 4 3 6 c8 9b 6 
59 4 3 1 c8 e8 4 
59 4 4 12 c8 9b 7 
59 4 4 6 c8 9b 6 
59 4 4 1 c8 e8 4 
59 4 5 12 c8 9b 7 
59 4 5 6 c8 9b 6 
59 4 5 1 c8 e8 4 
60 4 1 12 c8 9b 7 
60 4 1 6 c8 9b 6 
60 4 1 1 c8 e8 4 
60 4 2 12 c8 9b 7 
60 4 2 6 c8 9b 6 
60 4 2 1 c8 e8 4 
60 4 3 12 c8 9b 7 
60 4 3 6 c8 9b 6 
60 4 3 1 c8 e8 4 
60 4 4 12 c8 9b 7 
60 4 4 6 c8 9b 6 
60 4 4 1 c8 e8 4 
60 4 5 12 c8 9b 7 
60 4 5 6 c8 9b 6 
60 4 5 1 c8 e8 4 
57 5 1 12 c8 91 7 
57 5 1 6 c8 91 6 
57 5 1 1 c8 da 4 
57 5 2 12 c8 91 7 
57 5 2 6 c8 91 6 
57 5 2 1 c8 da 4 
57 5 3 12 c8 91 7 
57 5 3 6 c8 91 6 
57 5 3 1 c8 da 4 
57 5 4 12 c8 91 7 
57 5 4 6 c8 91 6 
57 5 4 1 c8 da 4 
57 5 5 12 c8 91 7 
57 5 5 6 c8 91 6 
57 5 5 1 c8 da 4 
58 5 1 12 c8 91 7 
58 5 1 6 c8 91 6 
58 5 1 1 c8 da 4 
58 5 2 12 c8 91 7 
58 5 2 6 c8 91 6 
58 5 2 1 c8 da 4 
58 5 3 12 c8 91 7 
58 5 3 6 c8 91 6 
58 5 3 1 c8 da 4 
58 5 4 12 c8 91 7 
58 5 4 6 c8 91 6 
58 5 4 1 c8 da 4 
58 5 5 12 c8 91 7 
58 5 5 6 c8 91 6 
58 5 5 1 c8 da 4 
59 5 1 12 c8 91 7 
59 5 1 6 c8 91 6 
59 5 1 1 c8 da 4 
59 5 2 12 c8 91 7 
59 5 2 6 c8 91 6 
59 5 2 1 c8 da 4 
59 5 3 12 c8 91 7 
59 5 3 6 c8 91 6 
59 5 3 1 c8 da 4 
59 5 4 12 c8 91 7 
59 5 4 6 c8 91 6 
59 5 4 1 c8 da 4 
59 5 5 12 c8 91 7 
59 5 5 6 c8 91 6 
59 5 5 1 c8 da 4 
60 5 1 12 c8 91 7 
60 5 1 6 c8 91 6 
60 5 1 1 c8 da 4 
60 5 2 12 c8 91 7 
60 5 2 6 c8 91 6 
60 5 2 1 c8 da 4 
60 5 3 12 c8 91 7 
60 5 3 6 c8 91 6 
60 5 3 1 c8 da 4 
60 5 4 12 c8 91 7 
60 5 4 6 c8 91 6 
60 5 4 1 c8 da 4 
60 5 5 12 c8 91 7 
60 5 5 6 c8 91 6 
60 5 5 1 c8 da 4 
61 1 1 12 c8 88 7 
61 1 1 6 c8 88 6 
61 1 1 1 c8 cc 4 
61 1 2 12 c8 88 7 
61 1 2 6 c8 88 6 
61 1 2 1 c8 cc 4 
61 1 3 12 c8 88 7 
61 1 3 6 c8 88 6 
61 1 3 1 c8 cc 4 
61 1 4 12 c8 88 7 
61 1 4 6 c8 88 6 
61 1 4 1 c8 cc 4 
61 1 5 12 c8 88 7 
61 1 5 6 c8 88 6 
61 1 5 1 c8 cc 4 
62 1 1 12 c8 88 7 
62 1 1 6 c8 88 6 
62 1 1 1 c8 cc 4 
62 1 2 12 c8 88 7 
62 1 2 6 c8 88 6 
62 1 2 1 c8 cc 4 
62 1 3 12 c8 88 7 
62 1 3 6 c8 88 6 
62 1 3 1 c8 cc 4 
62 1 4 12 c8 88 7 
62 1 4 6 c8 88 6 
62 1 4 1 c8 cc 4 
62 1 5 12 c8 88 7 
62 1 5 6 c8 88 6 
62 1 5 1 c8 cc 4 
63 1 1 12 c8 88 7 
63 1 1 6 c8 88 6 
63 1 1 1 c8 cc 4 
63 1 2 12 c8 88 7 
63 1 2 6 c8 88 6 
63 1 2 1 c8 cc 4 
63 1 3 12 c8 88 7 
63 1 3 6 c8 88 6 
63 1 3 1 c8 cc 4 
63 1 4 12 c8 88 7 
63 1 4 6 c8 88 6 
63 1 4 1 c8 cc 4 
63 1 5 12 c8 88 7 
63 1 5 6 c8 88 6 
63 1 5 1 c8 cc 4 
64 1 1 12 c8 88 7 
64 1 1 6 c8 88 6 
64 1 1 1 c8 cc 4 
64 1 2 12 c8 88 7 
64 1 2 6 c8 88 6 
64 1 2 1 c8 cc 4 
64 1 3 12 c8 88 7 
64 1 3 6 c8 88 6 
64 1 3 1 c8 cc 4 
64 1 4 12 c8 88 7 
64 1 4 6 c8 88 6 
64 1 4 1 c8 cc 4 
64 1 5 12 c8 88 7 
64 1 5 6 c8 88 6 
64 1 5 1 c8 cc 4 
61 2 1 12 c8 7f 7 
61 2 1 6 c8 fe 7 
61 2 1 1 c8 be 4 
61 2 2 12 c8 7f 7 
61 2 2 6 c8 fe 7 
61 2 2 1 c8 be 4 
61 2 3 12 c8 7f 7 
61 2 3 6 c8 fe 7 
61 2 3 1 c8 be 4 
61 2 4 12 c8 7f 7 
61 2 4 6 c8 fe 7 
61 2 4 1 c8 be 4 
61 2 5 12 c8 7f 7 
61 2 5 6 c8 fe 7 
61 2 5 1 c8 be 4 
62 2 1 12 c8 7f 7 
62 2 1 6 c8 fe 7 
62 2 1 1 c8 be 4 
62 2 2 12 c8 7f 7 
62 2 2 6 c8 fe 7 
62 2 2 1 c8 be 4 
62 2 3 12 c8 7f 7 
62 2 3 6 c8 fe 7 
62 2 3 1 c8 be 4 
62 2 4 12 c8 7f 7 
62 2 4 6 c8 fe 7 
62 2 4 1 c8 be 4 
62 2 5 12 c8 7f 7 
62 2 5 6 c8 fe 7 
62 2 5 1 c8 be 4 
63 2 1 12 c8 7f 7 
63 2 1 6 c8 fe 7 
63 2 1 1 c8 be 4 
63 2 2 12 c8 7f 7 
63 2 2 6 c8 fe 7 
63 2 2 1 c8 be 4 
63 2 3 12 c8 7f 7 
63 2 3 6 c8 fe 7 
63 2 3 1 c8 be 4 
63 2 4 12 c8 7f 7 
63 2 4 6 c8 fe 7 
63 2 4 1 c8 be 4 
63 2 5 12 c8 7f 7 
63 2 5 6 c8 fe 7 
63 2 5 1 c8 be 4 
64 2 1 12 c8 7f 7 
64 2 1 6 c8 fe 7 
64 2 1 1 c8 be 4 
64 2 2 12 c8 7f 7 
64 2 2 6 c8 fe 7 
64 2 2 1 c8 be 4 
64 2 3 12 c8 7f 7 
64 2 3 6 c8 fe 7 
64 2 3 1 c8 be 4 
64 2 4 12 c8 7f 7 
64 2 4 6 c8 fe 7 
64 2 4 1 c8 be 4 
64 2 5 12 c8 7f 7 
64 2 5 6 c8 fe 7 
64 2 5 1 c8 be 4 
61 3 1 12 c8 76 7 
61 3 1 6 c8 eb 7 
61 3 1 1 c8 b1 4 
61 3 2 12 c8 76 7 
61 3 2 6 c8 eb 7 
61 3 2 1 c8 b1 4 
61 3 3 12 c8 76 7 
61 3 3 6 c8 eb 7 
61 3 3 1 c8 b1 4 
61 3 4 12 c8 76 7 
61 3 4 6 c8 eb 7 
61 3 4 1 c8 b1 4 
61 3 5 12 c8 76 7 
61 3 5 6 c8 eb 7 
61 3 5 1 c8 b1 4 
62 3 1 12 c8 76 7 
62 3 1 6 c8 eb 7 
62 3 1 1 c8 b1 4 
62 3 2 12 c8 76 7 
62 3 2 6 c8 eb 7 
62 3 2 1 c8 b1 4 
62 3 3 12 c8 76 7 
62 3 3 6 c8 eb 7 
62 3 3 1 c8 b1 4 
62 3 4 12 c8 76 7 
62 3 4 6 c8 eb 7 
62 3 4 1 c8 b1 4 
62 3 5 12 c8 76 7 
62 3 5 6 c8 eb 7 
62 3 5 1 c8 b1 4 
63 3 1 12 c8 76 7 
63 3 1 6 c8 eb 7 
63 3 1 1 c8 b1 4 
63 3 2 12 c8 76 7 
63 3 2 6 c8 eb 7 
63 3 2 1 c8 b1 4 
63 3 3 12 c8 76 7 
63 3 3 6 c8 eb 7 
63 3 3 1 c8 b1 4 
63 3 4 12 c8 76 7 
63 3 4 6 c8 eb 7 
63 3 4 1 c8 b1 4 
63 3 5 12 c8 76 7 
63 3 5 6 c8 eb 7 
63 3 5 1 c8 b1 4 
64 3 1 12 c8 76 7 
64 3 1 6 c8 eb 7 
64 3 1 1 c8 b1 4 
64 3 2 12 c8 76 7 
64 3 2 6 c8 eb 7 
64 3 2 1 c8 b1 4 
64 3 3 12 c8 76 7 
64 3 3 6 c8 eb 7 
64 3 3 1 c8 b1 4 
64 3 4 12 c8 76 7 
64 3 4 6 c8 eb 7 
64 3 4 1 c8 b1 4 
64 3 5 12 c8 76 7 
64 3 5 6 c8 eb 7 
64 3 5 1 c8 b1 4 
61 4 1 12 c8 6c 7 
61 4 1 6 c8 d9 7 
61 4 1 1 c8 a3 4 
61 4 2 12 c8 6c 7 
61 4 2 6 c8 d9 7 
61 4 2 1 c8 a3 4 
61 4 3 12 c8 6c 7 
61 4 3 6 c8 d9 7 
61 4 3 1 c8 a3 4 
61 4 4 12 c8 6c 7 
61 4 4 6 c8 d9 7 
61 4 4 1 c8 a3 4 
61 4 5 12 c8 6c 7 
61 4 5 6 c8 d9 7 
61 4 5 1 c8 a3 4 
62 4 1 12 c8 6c 7 
62 4 1 6 c8 d9 7 
62 4 1 1 c8 a3 4 
62 4 2 12 c8 6c 7 
62 4 2 6 c8 d9 7 
62 4 2 1 c8 a3 4 
62 4 3 12 c8 6c 7 
62 4 3 6 c8 d9 7 
62 4 3 1 c8 a3 4 
62 4 4 12 c8 6c 7 
62 4 4 6 c8 d9 7 
62 4 4 1 c8 a3 4 
62 4 5 12 c8 6c 7 
62 4 5 6 c8 d9 7 
62 4 5 1 c8 a3 4 
63 4 1 12 c8 6c 7 
63 4 1 6 c8 d9 7 
63 4 1 1 c8 a3 4 
63 4 2 12 c8 6c 7 
63 4 2 6 c8 d9 7 
63 4 2 1 c8 a3 4 
63 4 3 12 c8 6c 7 
63 4 3 6 c8 d9 7 
63 4 3 1 c8 a3 4 
63 4 4 12 c8 6c 7 
63 4 4 6 c8 d9 7 
63 4 4 1 c8 a3 4 
63 4 5 12 c8 6c 7 
63 4 5 6 c8 d9 7 
63 4 5 1 c8 a3 4 
64 4 1 12 c8 6c 7 
64 4 1 6 c8 d9 7 
64 4 1 1 c8 a3 4 
64 4 2 12 c8 6c 7 
64 4 2 6 c8 d9 7 
64 4 2 1 c8 a3 4 
64 4 3 12 c8 6c 7 
64 4 3 6 c8 d9 7 
64 4 3 1 c8 a3 4 
64 4 4 12 c8 6c 7 
64 4 4 6 c8 d9 7 
64 4 4 1 c8 a3 4 
64 4 5 12 c8 6c 7 
64 4 5 6 c8 d9 7 
64 4 5 1 c8 a3 4 
61 5 1 12 c8 63 7 
61 5 1 6 c8 c6 7 
61 5 1 1 c8 95 4 
61 5 2 12 c8 63 7 
61 5 2 6 c8 c6 7 
61 5 2 1 c8 95 4 
61 5 3 12 c8 63 7 
61 5 3 6 c8 c6 7 
61 5 3 1 c8 95 4 
61 5 4 12 c8 63 7 
61 5 4 6 c8 c6 7 
61 5 4 1 c8 95 4 
61 5 5 12 c8 63 7 
61 5 5 6 c8 c6 7 
61 5 5 1 c8 95 4 
62 5 1 12 c8 63 7 
62 5 1 6 c8 c6 7 
62 5 1 1 c8 95 4 
62 5 2 12 c8 63 7 
62 5 2 6 c8 c6 7 
62 5 2 1 c8 95 4 
62 5 3 12 c8 63 7 
62 5 3 6 c8 c6 7 
62 5 3 1 c8 95 4 
62 5 4 12 c8 63 7 
62 5 4 6 c8 c6 7 
62 5 4 1 c8 95 4 
62 5 5 12 c8 63 7 
62 5 5 6 c8 c6 7 
62 5 5 1 c8 95 4 
63 5 1 12 c8 63 7 
63 5 1 6 c8 c6 7 
63 5 1 1 c8 95 4 
63 5 2 12 c8 63 7 
63 5 2 6 c8 c6 7 
63 5 2 1 c8 95 4 
63 5 3 12 c8 63 7 
63 5 3 6 c8 c6 7 
63 5 3 1 c8 95 4 
63 5 4 12 c8 63 7 
63 5 4 6 c8 c6 7 
63 5 4 1 c8 95 4 
63 5 5 12 c8 63 7 
63 5 5 6 c8 c6 7 
63 5 5 1 c8 95 4 
64 5 1 12 c8 63 7 
64 5 1 6 c8 c6 7 
64 5 1 1 c8 95 4 
64 5 2 12 c8 63 7 
64 5 2 6 c8 c6 7 
64 5 2 1 c8 95 4 
64 5 3 12 c8 63 7 
64 5 3 6 c8 c6 7 
64 5 3 1 c8 95 4 
64 5 4 12 c8 63 7 
64 5 4 6 c8 c6 7 
64 5 4 1 c8 95 4 
64 5 5 12 c8 63 7 
64 5 5 6 c8 c6 7 
64 5 5 1 c8 95 4 
65 1 1 12 c8 5a 7 
65 1 1 6 c8 b4 7 
65 1 1 1 c8 87 4 
65 1 2 12 c8 5a 7 
65 1 2 6 c8 b4 7 
65 1 2 1 c8 87 4 
65 1 3 12 c8 5a 7 
65 1 3 6 c8 b4 7 
65 1 3 1 c8 87 4 
65 1 4 12 c8 5a 7 
65 1 4 6 c8 b4 7 
65 1 4 1 c8 87 4 
65 1 5 12 c8 5a 7 
65 1 5 6 c8 b4 7 
65 1 5 1 c8 87 4 
66 1 1 12 c8 5a 7 
66 1 1 6 c8 b4 7 
66 1 1 1 c8 87 4 
66 1 2 12 c8 5a 7 
66 1 2 6 c8 b4 7 
66 1 2 1 c8 87 4 
66 1 3 12 c8 5a 7 
66 1 3 6 c8 b4 7 
66 1 3 1 c8 87 4 
66 1 4 12 c8 5a 7 
66 1 4 6 c8 b4 7 
66 1 4 1 c8 87 4 
66 1 5 12 c8 5a 7 
66 1 5 6 c8 b4 7 
66 1 5 1 c8 87 4 
67 1 1 12 c8 5a 7 
67 1 1 6 c8 b4 7 
67 1 1 1 c8 87 4 
67 1 2 12 c8 5a 7 
67 1 2 6 c8 b4 7 
67 1 2 1 c8 87 4 
67 1 3 12 c8 5a 7 
67 1 3 6 c8 b4 7 
67 1 3 1 c8 87 4 
67 1 4 12 c8 5a 7 
67 1 4 6 c8 b4 7 
67 1 4 1 c8 87 4 
67 1 5 12 c8 5a 7 
67 1 5 6 c8 b4 7 
67 1 5 1 c8 87 4 
68 1 1 12 c8 5a 7 
68 1 1 6 c8 b4 7 
68 1 1 1 c8 87 4 
68 1 2 12 c8 5a 7 
68 1 2 6 c8 b4 7 
68 1 2 1 c8 87 4 
68 1 3 12 c8 5a 7 
68 1 3 6 c8 b4 7 
68 1 3 1 c8 87 4 
68 1 4 12 c8 5a 7 
68 1 4 6 c8 b4 7 
68 1 4 1 c8 87 4 
68 1 5 12 c8 5a 7 
68 1 5 6 c8 b4 7 
68 1 5 1 c8 87 4 
65 2 1 12 c8 50 7 
65 2 1 6 c8 a1 7 
65 2 1 1 c8 f1 5 
65 2 2 12 c8 50 7 
65 2 2 6 c8 a1 7 
65 2 2 1 c8 f1 5 
65 2 3 12 c8 50 7 
65 2 3 6 c8 a1 7 
65 2 3 1 c8 f1 5 
65 2 4 12 c8 50 7 
65 2 4 6 c8 a1 7 
65 2 4 1 c8 f1 5 
65 2 5 12 c8 50 7 
65 2 5 6 c8 a1 7 
65 2 5 1 c8 f1 5 
66 2 1 12 c8 50 7 
66 2 1 6 c8 a1 7 
66 2 1 1 c8 f1 5 
66 2 2 12 c8 50 7 
66 2 2 6 c8 a1 7 
66 2 2 1 c8 f1 5 
66 2 3 12 c8 50 7 
66 2 3 6 c8 a1 7 
66 2 3 1 c8 f1 5 
66 2 4 12 c8 50 7 
66 2 4 6 c8 a1 7 
66 2 4 1 c8 f1 5 
66 2 5 12 c8 50 7 
66 2 5 6 c8 a1 7 
66 2 5 1 c8 f1 5 
67 2 1 12 c8 50 7 
67 2 1 6 c8 a1 7 
67 2 1 1 c8 f1 5 
67 2 2 12 c8 50 7 
67 2 2 6 c8 a1 7 
67 2 2 1 c8 f1 5 
67 2 3 12 c8 50 7 
67 2 3 6 c8 a1 7 
67 2 3 1 c8 f1 5 
67 2 4 12 c8 50 7 
67 2 4 6 c8 a1 7 
67 2 4 1 c8 f1 5 
67 2 5 12 c8 50 7 
67 2 5 6 c8 a1 7 
67 2 5 1 c8 f1 5 
68 2 1 12 c8 50 7 
68 2 1 6 c8 a1 7 
68 2 1 1 c8 f1 5 
68 2 2 12 c8 50 7 
68 2 2 6 c8 a1 7 
68 2 2 1 c8 f1 5 
68 2 3 12 c8 50 7 
68 2 3 6 c8 a1 7 
68 2 3 1 c8 f1 5 
68 2 4 12 c8 50 7 
68 2 4 6 c8 a1 7 
68 2 4 1 c8 f1 5 
68 2 5 12 c8 50 7 
68 2 5 6 c8 a1 7 
68 2 5 1 c8 f1 5 
65 3 1 12 c8 47 7 
65 3 1 6 c8 8e 7 
65 3 1 1 c8 d5 5 
65 3 2 12 c8 47 7 
65 3 2 6 c8 8e 7 
65 3 2 1 c8 d5 5 
65 3 3 12 c8 47 7 
65 3 3 6 c8 8e 7 
65 3 3 1 c8 d5 5 
65 3 4 12 c8 47 7 
65 3 4 6 c8 8e 7 
65 3 4 1 c8 d5 5 
65 3 5 12 c8 47 7 
65 3 5 6 c8 8e 7 
65 3 5 1 c8 d5 5 
66 3 1 12 c8 47 7 
66 3 1 6 c8 8e 7 
66 3 1 1 c8 d5 5 
66 3 2 12 c8 47 7 
66 3 2 6 c8 8e 7 
66 3 2 1 c8 d5 5 
66 3 3 12 c8 47 7 
66 3 3 6 c8 8e 7 
66 3 3 1 c8 d5 5 
66 3 4 12 c8 47 7 
66 3 4 6 c8 8e 7 
66 3 4 1 c8 d5 5 
66 3 5 12 c8 47 7 
66 3 5 6 c8 8e 7 
66 3 5 1 c8 d5 5 
67 3 1 12 c8 47 7 
67 3 1 6 c8 8e 7 
67 3 1 1 c8 d5 5 
67 3 2 12 c8 47 7 
67 3 2 6 c8 8e 7 
67 3 2 1 c8 d5 5 
67 3 3 12 c8 47 7 
67 3 3 6 c8 8e 7 
67 3 3 1 c8 d5 5 
67 3 4 12 c8 47 7 
67 3 4 6 c8 8e 7 
67 3 4 1 c8 d5 5 
67 3 5 12 c8 47 7 
67 3 5 6 c8 8e 7 
67 3 5 1 c8 d5 5 
68 3 1 12 c8 47 7 
68 3 1 6 c8 8e 7 
68 3 1 1 c8 d5 5 
68 3 2 12 c8 47 7 
68 3 2 6 c8 8e 7 
68 3 2 1 c8 d5 5 
68 3 3 12 c8 47 7 
68 3 3 6 c8 8e 7 
68 3 3 1 c8 d5 5 
68 3 4 12 c8 47 7 
68 3 4 6 c8 8e 7 
68 3 4 1 c8 d5 5 
68 3 5 12 c8 47 7 
68 3 5 6 c8 8e 7 
68 3 5 1 c8 d5 5 
65 4 1 12 c8 3e 7 
65 4 1 6 c8 7b 7 
65 4 1 1 c8 b9 5 
65 4 2 12 c8 3e 7 
65 4 2 6 c8 7b 7 
65 4 2 1 c8 b9 5 
65 4 3 12 c8 3e 7 
65 4 3 6 c8 7b 7 
65 4 3 1 c8 b9 5 
65 4 4 12 c8 3e 7 
65 4 4 6 c8 7b 7 
65 4 4 1 c8 b9 5 
65 4 5 12 c8 3e 7 
65 4 5 6 c8 7b 7 
65 4 5 1 c8 b9 5 
66 4 1 12 c8 3e 7 
66 4 1 6 c8 7b 7 
66 4 1 1 c8 b9 5 
66 4 2 12 c8 3e 7 
66 4 2 6 c8 7b 7 
66 4 2 1 c8 b9 5 
66 4 3 12 c8 3e 7 
66 4 3 6 c8 7b 7 
66 4 3 1 c8 b9 5 
66 4 4 12 c8 3e 7 
66 4 4 6 c8 7b 7 
66 4 4 1 c8 b9 5 
66 4 5 12 c8 3e 7 
66 4 5 6 c8 7b 7 
66 4 5 1 c8 b9 5 
67 4 1 12 c8 3e 7 
67 4 1 6 c8 7b 7 
67 4 1 1 c8 b9 5 
67 4 2 12 c8 3e 7 
67 4 2 6 c8 7b 7 
67 4 2 1 c8 b9 5 
67 4 3 12 c8 3e 7 
67 4 3 6 c8 7b 7 
67 4 3 1 c8 b9 5 
67 4 4 12 c8 3e 7 
67 4 4 6 c8 7b 7 
67 4 4 1 c8 b9 5 
67 4 5 12 c8 3e 7 
67 4 5 6 c8 7b 7 
67 4 5 1 c8 b9 5 
68 4 1 12 c8 3e 7 
68 4 1 6 c8 7b 7 
68 4 1 1 c8 b9 5 
68 4 2 12 c8 3e 7 
68 4 2 6 c8 7b 7 
68 4 2 1 c8 b9 5 
68 4 3 12 c8 3e 7 
68 4 3 6 c8 7b 7 
68 4 3 1 c8 b9 5 
68 4 4 12 c8 3e 7 
68 4 4 6 c8 7b 7 
68 4 4 1 c8 b9 5 
68 4 5 12 c8 3e 7 
68 4 5 6 c8 7b 7 
68 4 5 1 c8 b9 5 
65 5 1 12 c8 34 7 
65 5 1 6 c8 68 7 
65 5 1 1 c8 9c 5 
65 5 2 12 c8 34 7 
65 5 2 6 c8 68 7 
65 5 2 1 c8 9c 5 
65 5 3 12 c8 34 7 
65 5 3 6 c8 68 7 
65 5 3 1 c8 9c 5 
65 5 4 12 c8 34 7 
65 5 4 6 c8 68 7 
65 5 4 1 c8 9c 5 
65 5 5 12 c8 34 7 
65 5 5 6 c8 68 7 
65 5 5 1 c8 9c 5 
66 5 1 12 c8 34 7 
66 5 1 6 c8 68 7 
66 5 1 1 c8 9c 5 
66 5 2 12 c8 34 7 
66 5 2 6 c8 68 7 
66 5 2 1 c8 9c 5 
66 5 3 12 c8 34 7 
66 5 3 6 c8 68 7 
66 5 3 1 c8 9c 5 
66 5 4 12 c8 34 7 
66 5 4 6 c8 68 7 
66 5 4 1 c8 9c 5 
66 5 5 12 c8 34 7 
66 5 5 6 c8 68 7 
66 5 5 1 c8 9c 5 
67 5 1 12 c8 34 7 
67 5 1 6 c8 68 7 
67 5 1 1 c8 9c 5 
67 5 2 12 c8 34 7 
67 5 2 6 c8 68 7 
67 5 2 1 c8 9c 5 
67 5 3 12 c8 34 7 
67 5 3 6 c8 68 7 
67 5 3 1 c8 9c 5 
67 5 4 12 c8 34 7 
67 5 4 6 c8 68 7 
67 5 4 1 c8 9c 5 
67 5 5 12 c8 34 7 
67 5 5 6 c8 68 7 
67 5 5 1 c8 9c 5 
68 5 1 12 c8 34 7 
68 5 1 6 c8 68 7 
68 5 1 1 c8 9c 5 
68 5 2 12 c8 34 7 
68 5 2 6 c8 68 7 
68 5 2 1 c8 9c 5 
68 5 3 12 c8 34 7 
68 5 3 6 c8 68 7 
68 5 3 1 c8 9c 5 
68 5 4 12 c8 34 7 
68 5 4 6 c8 68 7 
68 5 4 1 c8 9c 5 
68 5 5 12 c8 34 7 
68 5 5 6 c8 68 7 
68 5 5 1 c8 9c 5 
